   0.0000000e+00   0.0000000e+00   0.0000000e+00
   1.0000000e-02   0.0000000e+00   0.0000000e+00
   2.0000000e-02   0.0000000e+00   0.0000000e+00
   3.0000000e-02   0.0000000e+00   0.0000000e+00
   4.0000000e-02   0.0000000e+00   0.0000000e+00
   5.0000000e-02   0.0000000e+00   0.0000000e+00
   6.0000000e-02   0.0000000e+00   0.0000000e+00
   7.0000000e-02   0.0000000e+00   0.0000000e+00
   8.0000000e-02   0.0000000e+00   0.0000000e+00
   9.0000000e-02   0.0000000e+00   0.0000000e+00
   1.0000000e-01   0.0000000e+00   0.0000000e+00
   1.1000000e-01   0.0000000e+00   0.0000000e+00
   1.2000000e-01   0.0000000e+00   0.0000000e+00
   1.3000000e-01   0.0000000e+00   0.0000000e+00
   1.4000000e-01   0.0000000e+00   0.0000000e+00
   1.5000000e-01   0.0000000e+00   0.0000000e+00
   1.6000000e-01   0.0000000e+00   0.0000000e+00
   1.7000000e-01   0.0000000e+00   0.0000000e+00
   1.8000000e-01   0.0000000e+00   0.0000000e+00
   1.9000000e-01   0.0000000e+00   0.0000000e+00
   2.0000000e-01   0.0000000e+00   0.0000000e+00
   2.1000000e-01   0.0000000e+00   0.0000000e+00
   2.2000000e-01   0.0000000e+00   0.0000000e+00
   2.3000000e-01   0.0000000e+00   0.0000000e+00
   2.4000000e-01   0.0000000e+00   0.0000000e+00
   2.5000000e-01   0.0000000e+00   0.0000000e+00
   2.6000000e-01   0.0000000e+00   0.0000000e+00
   2.7000000e-01   0.0000000e+00   0.0000000e+00
   2.8000000e-01   0.0000000e+00   0.0000000e+00
   2.9000000e-01   0.0000000e+00   0.0000000e+00
   3.0000000e-01   0.0000000e+00   0.0000000e+00
   3.1000000e-01   0.0000000e+00   0.0000000e+00
   3.2000000e-01   0.0000000e+00   0.0000000e+00
   3.3000000e-01   0.0000000e+00   0.0000000e+00
   3.4000000e-01   0.0000000e+00   0.0000000e+00
   3.5000000e-01   0.0000000e+00   0.0000000e+00
   3.6000000e-01   0.0000000e+00   0.0000000e+00
   3.7000000e-01   0.0000000e+00   0.0000000e+00
   3.8000000e-01   0.0000000e+00   0.0000000e+00
   3.9000000e-01   0.0000000e+00   0.0000000e+00
   4.0000000e-01   0.0000000e+00   0.0000000e+00
   4.1000000e-01   0.0000000e+00   0.0000000e+00
   4.2000000e-01   0.0000000e+00   0.0000000e+00
   4.3000000e-01   0.0000000e+00   0.0000000e+00
   4.4000000e-01   0.0000000e+00   0.0000000e+00
   4.5000000e-01   0.0000000e+00   0.0000000e+00
   4.6000000e-01   0.0000000e+00   0.0000000e+00
   4.7000000e-01   0.0000000e+00   0.0000000e+00
   4.8000000e-01   0.0000000e+00   0.0000000e+00
   4.9000000e-01   0.0000000e+00   0.0000000e+00
   5.0000000e-01   0.0000000e+00   0.0000000e+00
   5.1000000e-01   0.0000000e+00   0.0000000e+00
   5.2000000e-01   0.0000000e+00   0.0000000e+00
   5.3000000e-01   0.0000000e+00   0.0000000e+00
   5.4000000e-01   0.0000000e+00   0.0000000e+00
   5.5000000e-01   0.0000000e+00   0.0000000e+00
   5.6000000e-01   0.0000000e+00   0.0000000e+00
   5.7000000e-01   0.0000000e+00   0.0000000e+00
   5.8000000e-01   0.0000000e+00   0.0000000e+00
   5.9000000e-01   0.0000000e+00   0.0000000e+00
   6.0000000e-01   0.0000000e+00   0.0000000e+00
   6.1000000e-01   0.0000000e+00   0.0000000e+00
   6.2000000e-01   0.0000000e+00   0.0000000e+00
   6.3000000e-01   0.0000000e+00   0.0000000e+00
   6.4000000e-01   0.0000000e+00   0.0000000e+00
   6.5000000e-01   0.0000000e+00   0.0000000e+00
   6.6000000e-01   0.0000000e+00   0.0000000e+00
   6.7000000e-01   0.0000000e+00   0.0000000e+00
   6.8000000e-01   0.0000000e+00   0.0000000e+00
   6.9000000e-01   0.0000000e+00   0.0000000e+00
   7.0000000e-01   0.0000000e+00   0.0000000e+00
   7.1000000e-01   0.0000000e+00   0.0000000e+00
   7.2000000e-01   0.0000000e+00   0.0000000e+00
   7.3000000e-01   0.0000000e+00   0.0000000e+00
   7.4000000e-01   0.0000000e+00   0.0000000e+00
   7.5000000e-01   0.0000000e+00   0.0000000e+00
   7.6000000e-01   0.0000000e+00   0.0000000e+00
   7.7000000e-01   0.0000000e+00   0.0000000e+00
   7.8000000e-01   0.0000000e+00   0.0000000e+00
   7.9000000e-01   0.0000000e+00   0.0000000e+00
   8.0000000e-01   0.0000000e+00   0.0000000e+00
   8.1000000e-01   0.0000000e+00   0.0000000e+00
   8.2000000e-01   0.0000000e+00   0.0000000e+00
   8.3000000e-01   0.0000000e+00   0.0000000e+00
   8.4000000e-01   0.0000000e+00   0.0000000e+00
   8.5000000e-01   0.0000000e+00   0.0000000e+00
   8.6000000e-01   0.0000000e+00   0.0000000e+00
   8.7000000e-01   0.0000000e+00   0.0000000e+00
   8.8000000e-01   0.0000000e+00   0.0000000e+00
   8.9000000e-01   0.0000000e+00   0.0000000e+00
   9.0000000e-01   0.0000000e+00   0.0000000e+00
   9.1000000e-01   0.0000000e+00   0.0000000e+00
   9.2000000e-01   0.0000000e+00   0.0000000e+00
   9.3000000e-01   0.0000000e+00   0.0000000e+00
   9.4000000e-01   0.0000000e+00   0.0000000e+00
   9.5000000e-01   0.0000000e+00   0.0000000e+00
   9.6000000e-01   0.0000000e+00   0.0000000e+00
   9.7000000e-01   0.0000000e+00   0.0000000e+00
   9.8000000e-01   0.0000000e+00   0.0000000e+00
   9.9000000e-01   0.0000000e+00   0.0000000e+00
   1.0000000e+00   0.0000000e+00   1.0000000e+00
   1.0100000e+00   0.0000000e+00   1.0000000e+00
   1.0200000e+00   0.0000000e+00   1.0000000e+00
   1.0300000e+00   0.0000000e+00   1.0000000e+00
   1.0400000e+00   0.0000000e+00   1.0000000e+00
   1.0500000e+00   0.0000000e+00   1.0000000e+00
   1.0600000e+00   0.0000000e+00   1.0000000e+00
   1.0700000e+00   0.0000000e+00   1.0000000e+00
   1.0800000e+00   0.0000000e+00   1.0000000e+00
   1.0900000e+00   0.0000000e+00   1.0000000e+00
   1.1000000e+00   0.0000000e+00   1.0000000e+00
   1.1100000e+00   0.0000000e+00   1.0000000e+00
   1.1200000e+00   0.0000000e+00   1.0000000e+00
   1.1300000e+00   0.0000000e+00   1.0000000e+00
   1.1400000e+00   0.0000000e+00   1.0000000e+00
   1.1500000e+00   0.0000000e+00   1.0000000e+00
   1.1600000e+00   0.0000000e+00   1.0000000e+00
   1.1700000e+00   0.0000000e+00   1.0000000e+00
   1.1800000e+00   0.0000000e+00   1.0000000e+00
   1.1900000e+00   0.0000000e+00   1.0000000e+00
   1.2000000e+00   0.0000000e+00   1.0000000e+00
   1.2100000e+00   0.0000000e+00   1.0000000e+00
   1.2200000e+00   0.0000000e+00   1.0000000e+00
   1.2300000e+00   0.0000000e+00   1.0000000e+00
   1.2400000e+00   0.0000000e+00   1.0000000e+00
   1.2500000e+00   0.0000000e+00   1.0000000e+00
   1.2600000e+00   0.0000000e+00   1.0000000e+00
   1.2700000e+00   0.0000000e+00   1.0000000e+00
   1.2800000e+00   0.0000000e+00   1.0000000e+00
   1.2900000e+00   0.0000000e+00   1.0000000e+00
   1.3000000e+00   0.0000000e+00   1.0000000e+00
   1.3100000e+00   0.0000000e+00   1.0000000e+00
   1.3200000e+00   0.0000000e+00   1.0000000e+00
   1.3300000e+00   0.0000000e+00   1.0000000e+00
   1.3400000e+00   0.0000000e+00   1.0000000e+00
   1.3500000e+00   0.0000000e+00   1.0000000e+00
   1.3600000e+00   0.0000000e+00   1.0000000e+00
   1.3700000e+00   0.0000000e+00   1.0000000e+00
   1.3800000e+00   0.0000000e+00   1.0000000e+00
   1.3900000e+00   0.0000000e+00   1.0000000e+00
   1.4000000e+00   0.0000000e+00   1.0000000e+00
   1.4100000e+00   0.0000000e+00   1.0000000e+00
   1.4200000e+00   0.0000000e+00   1.0000000e+00
   1.4300000e+00   0.0000000e+00   1.0000000e+00
   1.4400000e+00   0.0000000e+00   1.0000000e+00
   1.4500000e+00   0.0000000e+00   1.0000000e+00
   1.4600000e+00   0.0000000e+00   1.0000000e+00
   1.4700000e+00   0.0000000e+00   1.0000000e+00
   1.4800000e+00   0.0000000e+00   1.0000000e+00
   1.4900000e+00   0.0000000e+00   1.0000000e+00
   1.5000000e+00   0.0000000e+00   1.0000000e+00
   1.5100000e+00   0.0000000e+00   1.0000000e+00
   1.5200000e+00   0.0000000e+00   1.0000000e+00
   1.5300000e+00   0.0000000e+00   1.0000000e+00
   1.5400000e+00   0.0000000e+00   1.0000000e+00
   1.5500000e+00   0.0000000e+00   1.0000000e+00
   1.5600000e+00   0.0000000e+00   1.0000000e+00
   1.5700000e+00   0.0000000e+00   1.0000000e+00
   1.5800000e+00   0.0000000e+00   1.0000000e+00
   1.5900000e+00   0.0000000e+00   1.0000000e+00
   1.6000000e+00   0.0000000e+00   1.0000000e+00
   1.6100000e+00   0.0000000e+00   1.0000000e+00
   1.6200000e+00   0.0000000e+00   1.0000000e+00
   1.6300000e+00   0.0000000e+00   1.0000000e+00
   1.6400000e+00   0.0000000e+00   1.0000000e+00
   1.6500000e+00   0.0000000e+00   1.0000000e+00
   1.6600000e+00   0.0000000e+00   1.0000000e+00
   1.6700000e+00   0.0000000e+00   1.0000000e+00
   1.6800000e+00   0.0000000e+00   1.0000000e+00
   1.6900000e+00   0.0000000e+00   1.0000000e+00
   1.7000000e+00   0.0000000e+00   1.0000000e+00
   1.7100000e+00   0.0000000e+00   1.0000000e+00
   1.7200000e+00   0.0000000e+00   1.0000000e+00
   1.7300000e+00   0.0000000e+00   1.0000000e+00
   1.7400000e+00   0.0000000e+00   1.0000000e+00
   1.7500000e+00   0.0000000e+00   1.0000000e+00
   1.7600000e+00   0.0000000e+00   1.0000000e+00
   1.7700000e+00   0.0000000e+00   1.0000000e+00
   1.7800000e+00   0.0000000e+00   1.0000000e+00
   1.7900000e+00   0.0000000e+00   1.0000000e+00
   1.8000000e+00   0.0000000e+00   1.0000000e+00
   1.8100000e+00   0.0000000e+00   1.0000000e+00
   1.8200000e+00   0.0000000e+00   1.0000000e+00
   1.8300000e+00   0.0000000e+00   1.0000000e+00
   1.8400000e+00   0.0000000e+00   1.0000000e+00
   1.8500000e+00   0.0000000e+00   1.0000000e+00
   1.8600000e+00   0.0000000e+00   1.0000000e+00
   1.8700000e+00   0.0000000e+00   1.0000000e+00
   1.8800000e+00   0.0000000e+00   1.0000000e+00
   1.8900000e+00   0.0000000e+00   1.0000000e+00
   1.9000000e+00   0.0000000e+00   1.0000000e+00
   1.9100000e+00   0.0000000e+00   1.0000000e+00
   1.9200000e+00   0.0000000e+00   1.0000000e+00
   1.9300000e+00   0.0000000e+00   1.0000000e+00
   1.9400000e+00   0.0000000e+00   1.0000000e+00
   1.9500000e+00   0.0000000e+00   1.0000000e+00
   1.9600000e+00   0.0000000e+00   1.0000000e+00
   1.9700000e+00   0.0000000e+00   1.0000000e+00
   1.9800000e+00   0.0000000e+00   1.0000000e+00
   1.9900000e+00   0.0000000e+00   1.0000000e+00
   2.0000000e+00   0.0000000e+00   1.0000000e+00
   2.0100000e+00   6.6503766e-05   1.0000000e+00
   2.0200000e+00   2.3224490e-04   1.0000000e+00
   2.0300000e+00   4.9656394e-04   1.0000000e+00
   2.0400000e+00   8.5879585e-04   1.0000000e+00
   2.0500000e+00   1.3182702e-03   1.0000000e+00
   2.0600000e+00   1.8743111e-03   1.0000000e+00
   2.0700000e+00   2.5262374e-03   1.0000000e+00
   2.0800000e+00   3.2733631e-03   1.0000000e+00
   2.0900000e+00   4.1149969e-03   1.0000000e+00
   2.1000000e+00   5.0504424e-03   1.0000000e+00
   2.1100000e+00   6.0789987e-03   1.0000000e+00
   2.1200000e+00   7.1999601e-03   1.0000000e+00
   2.1300000e+00   8.4126161e-03   1.0000000e+00
   2.1400000e+00   9.7162517e-03   1.0000000e+00
   2.1500000e+00   1.1110148e-02   1.0000000e+00
   2.1600000e+00   1.2593580e-02   1.0000000e+00
   2.1700000e+00   1.4165821e-02   1.0000000e+00
   2.1800000e+00   1.5826138e-02   1.0000000e+00
   2.1900000e+00   1.7573796e-02   1.0000000e+00
   2.2000000e+00   1.9408054e-02   1.0000000e+00
   2.2100000e+00   2.1328168e-02   1.0000000e+00
   2.2200000e+00   2.3333392e-02   1.0000000e+00
   2.2300000e+00   2.5422972e-02   1.0000000e+00
   2.2400000e+00   2.7596155e-02   1.0000000e+00
   2.2500000e+00   2.9852183e-02   1.0000000e+00
   2.2600000e+00   3.2190293e-02   1.0000000e+00
   2.2700000e+00   3.4609721e-02   1.0000000e+00
   2.2800000e+00   3.7109699e-02   1.0000000e+00
   2.2900000e+00   3.9689456e-02   1.0000000e+00
   2.3000000e+00   4.2348218e-02   1.0000000e+00
   2.3100000e+00   4.5085207e-02   1.0000000e+00
   2.3200000e+00   4.7899645e-02   1.0000000e+00
   2.3300000e+00   5.0790749e-02   1.0000000e+00
   2.3400000e+00   5.3757733e-02   1.0000000e+00
   2.3500000e+00   5.6799812e-02   1.0000000e+00
   2.3600000e+00   5.9916195e-02   1.0000000e+00
   2.3700000e+00   6.3106089e-02   1.0000000e+00
   2.3800000e+00   6.6368701e-02   1.0000000e+00
   2.3900000e+00   6.9703235e-02   1.0000000e+00
   2.4000000e+00   7.3108891e-02   1.0000000e+00
   2.4100000e+00   7.6584871e-02   1.0000000e+00
   2.4200000e+00   8.0130371e-02   1.0000000e+00
   2.4300000e+00   8.3744588e-02   1.0000000e+00
   2.4400000e+00   8.7426716e-02   1.0000000e+00
   2.4500000e+00   9.1175949e-02   1.0000000e+00
   2.4600000e+00   9.4991477e-02   1.0000000e+00
   2.4700000e+00   9.8872492e-02   1.0000000e+00
   2.4800000e+00   1.0281818e-01   1.0000000e+00
   2.4900000e+00   1.0682773e-01   1.0000000e+00
   2.5000000e+00   1.1090034e-01   1.0000000e+00
   2.5100000e+00   1.1503517e-01   1.0000000e+00
   2.5200000e+00   1.1923143e-01   1.0000000e+00
   2.5300000e+00   1.2348829e-01   1.0000000e+00
   2.5400000e+00   1.2780493e-01   1.0000000e+00
   2.5500000e+00   1.3218055e-01   1.0000000e+00
   2.5600000e+00   1.3661431e-01   1.0000000e+00
   2.5700000e+00   1.4110541e-01   1.0000000e+00
   2.5800000e+00   1.4565302e-01   1.0000000e+00
   2.5900000e+00   1.5025632e-01   1.0000000e+00
   2.6000000e+00   1.5491450e-01   1.0000000e+00
   2.6100000e+00   1.5962673e-01   1.0000000e+00
   2.6200000e+00   1.6439219e-01   1.0000000e+00
   2.6300000e+00   1.6921007e-01   1.0000000e+00
   2.6400000e+00   1.7407954e-01   1.0000000e+00
   2.6500000e+00   1.7899979e-01   1.0000000e+00
   2.6600000e+00   1.8396999e-01   1.0000000e+00
   2.6700000e+00   1.8898933e-01   1.0000000e+00
   2.6800000e+00   1.9405699e-01   1.0000000e+00
   2.6900000e+00   1.9917214e-01   1.0000000e+00
   2.7000000e+00   2.0433398e-01   1.0000000e+00
   2.7100000e+00   2.0954168e-01   1.0000000e+00
   2.7200000e+00   2.1479443e-01   1.0000000e+00
   2.7300000e+00   2.2009141e-01   1.0000000e+00
   2.7400000e+00   2.2543182e-01   1.0000000e+00
   2.7500000e+00   2.3081482e-01   1.0000000e+00
   2.7600000e+00   2.3623962e-01   1.0000000e+00
   2.7700000e+00   2.4170540e-01   1.0000000e+00
   2.7800000e+00   2.4721135e-01   1.0000000e+00
   2.7900000e+00   2.5275667e-01   1.0000000e+00
   2.8000000e+00   2.5834053e-01   1.0000000e+00
   2.8100000e+00   2.6396215e-01   1.0000000e+00
   2.8200000e+00   2.6962070e-01   1.0000000e+00
   2.8300000e+00   2.7531540e-01   1.0000000e+00
   2.8400000e+00   2.8104543e-01   1.0000000e+00
   2.8500000e+00   2.8681000e-01   1.0000000e+00
   2.8600000e+00   2.9260831e-01   1.0000000e+00
   2.8700000e+00   2.9843956e-01   1.0000000e+00
   2.8800000e+00   3.0430296e-01   1.0000000e+00
   2.8900000e+00   3.1019771e-01   1.0000000e+00
   2.9000000e+00   3.1612303e-01   1.0000000e+00
   2.9100000e+00   3.2207812e-01   1.0000000e+00
   2.9200000e+00   3.2806220e-01   1.0000000e+00
   2.9300000e+00   3.3407449e-01   1.0000000e+00
   2.9400000e+00   3.4011420e-01   1.0000000e+00
   2.9500000e+00   3.4618056e-01   1.0000000e+00
   2.9600000e+00   3.5227278e-01   1.0000000e+00
   2.9700000e+00   3.5839009e-01   1.0000000e+00
   2.9800000e+00   3.6453172e-01   1.0000000e+00
   2.9900000e+00   3.7069690e-01   1.0000000e+00
   3.0000000e+00   3.7688486e-01   1.0000000e+00
   3.0100000e+00   3.8309484e-01   1.0000000e+00
   3.0200000e+00   3.8932607e-01   1.0000000e+00
   3.0300000e+00   3.9557780e-01   1.0000000e+00
   3.0400000e+00   4.0184927e-01   1.0000000e+00
   3.0500000e+00   4.0813974e-01   1.0000000e+00
   3.0600000e+00   4.1444844e-01   1.0000000e+00
   3.0700000e+00   4.2077463e-01   1.0000000e+00
   3.0800000e+00   4.2711756e-01   1.0000000e+00
   3.0900000e+00   4.3347651e-01   1.0000000e+00
   3.1000000e+00   4.3985072e-01   1.0000000e+00
   3.1100000e+00   4.4623947e-01   1.0000000e+00
   3.1200000e+00   4.5264202e-01   1.0000000e+00
   3.1300000e+00   4.5905765e-01   1.0000000e+00
   3.1400000e+00   4.6548563e-01   1.0000000e+00
   3.1500000e+00   4.7192524e-01   1.0000000e+00
   3.1600000e+00   4.7837577e-01   1.0000000e+00
   3.1700000e+00   4.8483649e-01   1.0000000e+00
   3.1800000e+00   4.9130671e-01   1.0000000e+00
   3.1900000e+00   4.9778571e-01   1.0000000e+00
   3.2000000e+00   5.0427279e-01   1.0000000e+00
   3.2100000e+00   5.1076726e-01   1.0000000e+00
   3.2200000e+00   5.1726841e-01   1.0000000e+00
   3.2300000e+00   5.2377555e-01   1.0000000e+00
   3.2400000e+00   5.3028801e-01   1.0000000e+00
   3.2500000e+00   5.3680509e-01   1.0000000e+00
   3.2600000e+00   5.4332611e-01   1.0000000e+00
   3.2700000e+00   5.4985041e-01   1.0000000e+00
   3.2800000e+00   5.5637730e-01   1.0000000e+00
   3.2900000e+00   5.6290612e-01   1.0000000e+00
   3.3000000e+00   5.6943622e-01   1.0000000e+00
   3.3100000e+00   5.7596692e-01   1.0000000e+00
   3.3200000e+00   5.8249757e-01   1.0000000e+00
   3.3300000e+00   5.8902753e-01   1.0000000e+00
   3.3400000e+00   5.9555614e-01   1.0000000e+00
   3.3500000e+00   6.0208277e-01   1.0000000e+00
   3.3600000e+00   6.0860677e-01   1.0000000e+00
   3.3700000e+00   6.1512752e-01   1.0000000e+00
   3.3800000e+00   6.2164438e-01   1.0000000e+00
   3.3900000e+00   6.2815673e-01   1.0000000e+00
   3.4000000e+00   6.3466396e-01   1.0000000e+00
   3.4100000e+00   6.4116543e-01   1.0000000e+00
   3.4200000e+00   6.4766056e-01   1.0000000e+00
   3.4300000e+00   6.5414872e-01   1.0000000e+00
   3.4400000e+00   6.6062931e-01   1.0000000e+00
   3.4500000e+00   6.6710175e-01   1.0000000e+00
   3.4600000e+00   6.7356543e-01   1.0000000e+00
   3.4700000e+00   6.8001978e-01   1.0000000e+00
   3.4800000e+00   6.8646420e-01   1.0000000e+00
   3.4900000e+00   6.9289811e-01   1.0000000e+00
   3.5000000e+00   6.9932096e-01   1.0000000e+00
   3.5100000e+00   7.0573216e-01   1.0000000e+00
   3.5200000e+00   7.1213115e-01   1.0000000e+00
   3.5300000e+00   7.1851738e-01   1.0000000e+00
   3.5400000e+00   7.2489029e-01   1.0000000e+00
   3.5500000e+00   7.3124934e-01   1.0000000e+00
   3.5600000e+00   7.3759397e-01   1.0000000e+00
   3.5700000e+00   7.4392365e-01   1.0000000e+00
   3.5800000e+00   7.5023784e-01   1.0000000e+00
   3.5900000e+00   7.5653602e-01   1.0000000e+00
   3.6000000e+00   7.6281766e-01   1.0000000e+00
   3.6100000e+00   7.6908225e-01   1.0000000e+00
   3.6200000e+00   7.7532926e-01   1.0000000e+00
   3.6300000e+00   7.8155819e-01   1.0000000e+00
   3.6400000e+00   7.8776854e-01   1.0000000e+00
   3.6500000e+00   7.9395981e-01   1.0000000e+00
   3.6600000e+00   8.0013150e-01   1.0000000e+00
   3.6700000e+00   8.0628313e-01   1.0000000e+00
   3.6800000e+00   8.1241421e-01   1.0000000e+00
   3.6900000e+00   8.1852427e-01   1.0000000e+00
   3.7000000e+00   8.2461282e-01   1.0000000e+00
   3.7100000e+00   8.3067942e-01   1.0000000e+00
   3.7200000e+00   8.3672358e-01   1.0000000e+00
   3.7300000e+00   8.4274486e-01   1.0000000e+00
   3.7400000e+00   8.4874280e-01   1.0000000e+00
   3.7500000e+00   8.5471696e-01   1.0000000e+00
   3.7600000e+00   8.6066689e-01   1.0000000e+00
   3.7700000e+00   8.6659217e-01   1.0000000e+00
   3.7800000e+00   8.7249235e-01   1.0000000e+00
   3.7900000e+00   8.7836701e-01   1.0000000e+00
   3.8000000e+00   8.8421573e-01   1.0000000e+00
   3.8100000e+00   8.9003811e-01   1.0000000e+00
   3.8200000e+00   8.9583372e-01   1.0000000e+00
   3.8300000e+00   9.0160216e-01   1.0000000e+00
   3.8400000e+00   9.0734304e-01   1.0000000e+00
   3.8500000e+00   9.1305596e-01   1.0000000e+00
   3.8600000e+00   9.1874053e-01   1.0000000e+00
   3.8700000e+00   9.2439637e-01   1.0000000e+00
   3.8800000e+00   9.3002310e-01   1.0000000e+00
   3.8900000e+00   9.3562035e-01   1.0000000e+00
   3.9000000e+00   9.4118776e-01   1.0000000e+00
   3.9100000e+00   9.4672496e-01   1.0000000e+00
   3.9200000e+00   9.5223159e-01   1.0000000e+00
   3.9300000e+00   9.5770731e-01   1.0000000e+00
   3.9400000e+00   9.6315176e-01   1.0000000e+00
   3.9500000e+00   9.6856462e-01   1.0000000e+00
   3.9600000e+00   9.7394553e-01   1.0000000e+00
   3.9700000e+00   9.7929419e-01   1.0000000e+00
   3.9800000e+00   9.8461025e-01   1.0000000e+00
   3.9900000e+00   9.8989340e-01   1.0000000e+00
   4.0000000e+00   9.9514334e-01   1.0000000e+00
   4.0100000e+00   1.0003597e+00   1.0000000e+00
   4.0200000e+00   1.0055423e+00   1.0000000e+00
   4.0300000e+00   1.0106907e+00   1.0000000e+00
   4.0400000e+00   1.0158048e+00   1.0000000e+00
   4.0500000e+00   1.0208841e+00   1.0000000e+00
   4.0600000e+00   1.0259284e+00   1.0000000e+00
   4.0700000e+00   1.0309374e+00   1.0000000e+00
   4.0800000e+00   1.0359110e+00   1.0000000e+00
   4.0900000e+00   1.0408487e+00   1.0000000e+00
   4.1000000e+00   1.0457503e+00   1.0000000e+00
   4.1100000e+00   1.0506157e+00   1.0000000e+00
   4.1200000e+00   1.0554444e+00   1.0000000e+00
   4.1300000e+00   1.0602364e+00   1.0000000e+00
   4.1400000e+00   1.0649913e+00   1.0000000e+00
   4.1500000e+00   1.0697089e+00   1.0000000e+00
   4.1600000e+00   1.0743890e+00   1.0000000e+00
   4.1700000e+00   1.0790314e+00   1.0000000e+00
   4.1800000e+00   1.0836358e+00   1.0000000e+00
   4.1900000e+00   1.0882020e+00   1.0000000e+00
   4.2000000e+00   1.0927299e+00   1.0000000e+00
   4.2100000e+00   1.0972192e+00   1.0000000e+00
   4.2200000e+00   1.1016697e+00   1.0000000e+00
   4.2300000e+00   1.1060813e+00   1.0000000e+00
   4.2400000e+00   1.1104537e+00   1.0000000e+00
   4.2500000e+00   1.1147867e+00   1.0000000e+00
   4.2600000e+00   1.1190803e+00   1.0000000e+00
   4.2700000e+00   1.1233341e+00   1.0000000e+00
   4.2800000e+00   1.1275481e+00   1.0000000e+00
   4.2900000e+00   1.1317221e+00   1.0000000e+00
   4.3000000e+00   1.1358559e+00   1.0000000e+00
   4.3100000e+00   1.1399494e+00   1.0000000e+00
   4.3200000e+00   1.1440024e+00   1.0000000e+00
   4.3300000e+00   1.1480148e+00   1.0000000e+00
   4.3400000e+00   1.1519865e+00   1.0000000e+00
   4.3500000e+00   1.1559172e+00   1.0000000e+00
   4.3600000e+00   1.1598070e+00   1.0000000e+00
   4.3700000e+00   1.1636556e+00   1.0000000e+00
   4.3800000e+00   1.1674630e+00   1.0000000e+00
   4.3900000e+00   1.1712291e+00   1.0000000e+00
   4.4000000e+00   1.1749536e+00   1.0000000e+00
   4.4100000e+00   1.1786366e+00   1.0000000e+00
   4.4200000e+00   1.1822779e+00   1.0000000e+00
   4.4300000e+00   1.1858775e+00   1.0000000e+00
   4.4400000e+00   1.1894352e+00   1.0000000e+00
   4.4500000e+00   1.1929510e+00   1.0000000e+00
   4.4600000e+00   1.1964248e+00   1.0000000e+00
   4.4700000e+00   1.1998564e+00   1.0000000e+00
   4.4800000e+00   1.2032460e+00   1.0000000e+00
   4.4900000e+00   1.2065933e+00   1.0000000e+00
   4.5000000e+00   1.2098983e+00   1.0000000e+00
   4.5100000e+00   1.2131610e+00   1.0000000e+00
   4.5200000e+00   1.2163813e+00   1.0000000e+00
   4.5300000e+00   1.2195592e+00   1.0000000e+00
   4.5400000e+00   1.2226946e+00   1.0000000e+00
   4.5500000e+00   1.2257875e+00   1.0000000e+00
   4.5600000e+00   1.2288379e+00   1.0000000e+00
   4.5700000e+00   1.2318457e+00   1.0000000e+00
   4.5800000e+00   1.2348108e+00   1.0000000e+00
   4.5900000e+00   1.2377334e+00   1.0000000e+00
   4.6000000e+00   1.2406133e+00   1.0000000e+00
   4.6100000e+00   1.2434506e+00   1.0000000e+00
   4.6200000e+00   1.2462453e+00   1.0000000e+00
   4.6300000e+00   1.2489973e+00   1.0000000e+00
   4.6400000e+00   1.2517066e+00   1.0000000e+00
   4.6500000e+00   1.2543733e+00   1.0000000e+00
   4.6600000e+00   1.2569974e+00   1.0000000e+00
   4.6700000e+00   1.2595789e+00   1.0000000e+00
   4.6800000e+00   1.2621177e+00   1.0000000e+00
   4.6900000e+00   1.2646140e+00   1.0000000e+00
   4.7000000e+00   1.2670677e+00   1.0000000e+00
   4.7100000e+00   1.2694790e+00   1.0000000e+00
   4.7200000e+00   1.2718477e+00   1.0000000e+00
   4.7300000e+00   1.2741740e+00   1.0000000e+00
   4.7400000e+00   1.2764579e+00   1.0000000e+00
   4.7500000e+00   1.2786994e+00   1.0000000e+00
   4.7600000e+00   1.2808986e+00   1.0000000e+00
   4.7700000e+00   1.2830556e+00   1.0000000e+00
   4.7800000e+00   1.2851704e+00   1.0000000e+00
   4.7900000e+00   1.2872431e+00   1.0000000e+00
   4.8000000e+00   1.2892737e+00   1.0000000e+00
   4.8100000e+00   1.2912623e+00   1.0000000e+00
   4.8200000e+00   1.2932090e+00   1.0000000e+00
   4.8300000e+00   1.2951139e+00   1.0000000e+00
   4.8400000e+00   1.2969770e+00   1.0000000e+00
   4.8500000e+00   1.2987985e+00   1.0000000e+00
   4.8600000e+00   1.3005783e+00   1.0000000e+00
   4.8700000e+00   1.3023167e+00   1.0000000e+00
   4.8800000e+00   1.3040137e+00   1.0000000e+00
   4.8900000e+00   1.3056693e+00   1.0000000e+00
   4.9000000e+00   1.3072838e+00   1.0000000e+00
   4.9100000e+00   1.3088572e+00   1.0000000e+00
   4.9200000e+00   1.3103896e+00   1.0000000e+00
   4.9300000e+00   1.3118812e+00   1.0000000e+00
   4.9400000e+00   1.3133319e+00   1.0000000e+00
   4.9500000e+00   1.3147421e+00   1.0000000e+00
   4.9600000e+00   1.3161118e+00   1.0000000e+00
   4.9700000e+00   1.3174410e+00   1.0000000e+00
   4.9800000e+00   1.3187301e+00   1.0000000e+00
   4.9900000e+00   1.3199789e+00   1.0000000e+00
   5.0000000e+00   1.3211879e+00   1.0000000e+00
   5.0100000e+00   1.3223569e+00   1.0000000e+00
   5.0200000e+00   1.3234863e+00   1.0000000e+00
   5.0300000e+00   1.3245761e+00   1.0000000e+00
   5.0400000e+00   1.3256265e+00   1.0000000e+00
   5.0500000e+00   1.3266376e+00   1.0000000e+00
   5.0600000e+00   1.3276096e+00   1.0000000e+00
   5.0700000e+00   1.3285427e+00   1.0000000e+00
   5.0800000e+00   1.3294370e+00   1.0000000e+00
   5.0900000e+00   1.3302926e+00   1.0000000e+00
   5.1000000e+00   1.3311098e+00   1.0000000e+00
   5.1100000e+00   1.3318887e+00   1.0000000e+00
   5.1200000e+00   1.3326294e+00   1.0000000e+00
   5.1300000e+00   1.3333322e+00   1.0000000e+00
   5.1400000e+00   1.3339972e+00   1.0000000e+00
   5.1500000e+00   1.3346246e+00   1.0000000e+00
   5.1600000e+00   1.3352146e+00   1.0000000e+00
   5.1700000e+00   1.3357674e+00   1.0000000e+00
   5.1800000e+00   1.3362831e+00   1.0000000e+00
   5.1900000e+00   1.3367620e+00   1.0000000e+00
   5.2000000e+00   1.3372042e+00   1.0000000e+00
   5.2100000e+00   1.3376099e+00   1.0000000e+00
   5.2200000e+00   1.3379793e+00   1.0000000e+00
   5.2300000e+00   1.3383127e+00   1.0000000e+00
   5.2400000e+00   1.3386101e+00   1.0000000e+00
   5.2500000e+00   1.3388719e+00   1.0000000e+00
   5.2600000e+00   1.3390982e+00   1.0000000e+00
   5.2700000e+00   1.3392893e+00   1.0000000e+00
   5.2800000e+00   1.3394453e+00   1.0000000e+00
   5.2900000e+00   1.3395664e+00   1.0000000e+00
   5.3000000e+00   1.3396529e+00   1.0000000e+00
   5.3100000e+00   1.3397051e+00   1.0000000e+00
   5.3200000e+00   1.3397230e+00   1.0000000e+00
   5.3300000e+00   1.3397069e+00   1.0000000e+00
   5.3400000e+00   1.3396571e+00   1.0000000e+00
   5.3500000e+00   1.3395737e+00   1.0000000e+00
   5.3600000e+00   1.3394570e+00   1.0000000e+00
   5.3700000e+00   1.3393073e+00   1.0000000e+00
   5.3800000e+00   1.3391247e+00   1.0000000e+00
   5.3900000e+00   1.3389095e+00   1.0000000e+00
   5.4000000e+00   1.3386619e+00   1.0000000e+00
   5.4100000e+00   1.3383821e+00   1.0000000e+00
   5.4200000e+00   1.3380704e+00   1.0000000e+00
   5.4300000e+00   1.3377271e+00   1.0000000e+00
   5.4400000e+00   1.3373523e+00   1.0000000e+00
   5.4500000e+00   1.3369463e+00   1.0000000e+00
   5.4600000e+00   1.3365094e+00   1.0000000e+00
   5.4700000e+00   1.3360417e+00   1.0000000e+00
   5.4800000e+00   1.3355436e+00   1.0000000e+00
   5.4900000e+00   1.3350153e+00   1.0000000e+00
   5.5000000e+00   1.3344570e+00   1.0000000e+00
   5.5100000e+00   1.3338690e+00   1.0000000e+00
   5.5200000e+00   1.3332515e+00   1.0000000e+00
   5.5300000e+00   1.3326048e+00   1.0000000e+00
   5.5400000e+00   1.3319291e+00   1.0000000e+00
   5.5500000e+00   1.3312247e+00   1.0000000e+00
   5.5600000e+00   1.3304919e+00   1.0000000e+00
   5.5700000e+00   1.3297309e+00   1.0000000e+00
   5.5800000e+00   1.3289419e+00   1.0000000e+00
   5.5900000e+00   1.3281253e+00   1.0000000e+00
   5.6000000e+00   1.3272812e+00   1.0000000e+00
   5.6100000e+00   1.3264100e+00   1.0000000e+00
   5.6200000e+00   1.3255120e+00   1.0000000e+00
   5.6300000e+00   1.3245872e+00   1.0000000e+00
   5.6400000e+00   1.3236362e+00   1.0000000e+00
   5.6500000e+00   1.3226590e+00   1.0000000e+00
   5.6600000e+00   1.3216560e+00   1.0000000e+00
   5.6700000e+00   1.3206274e+00   1.0000000e+00
   5.6800000e+00   1.3195736e+00   1.0000000e+00
   5.6900000e+00   1.3184947e+00   1.0000000e+00
   5.7000000e+00   1.3173910e+00   1.0000000e+00
   5.7100000e+00   1.3162629e+00   1.0000000e+00
   5.7200000e+00   1.3151105e+00   1.0000000e+00
   5.7300000e+00   1.3139343e+00   1.0000000e+00
   5.7400000e+00   1.3127343e+00   1.0000000e+00
   5.7500000e+00   1.3115109e+00   1.0000000e+00
   5.7600000e+00   1.3102645e+00   1.0000000e+00
   5.7700000e+00   1.3089951e+00   1.0000000e+00
   5.7800000e+00   1.3077032e+00   1.0000000e+00
   5.7900000e+00   1.3063890e+00   1.0000000e+00
   5.8000000e+00   1.3050528e+00   1.0000000e+00
   5.8100000e+00   1.3036948e+00   1.0000000e+00
   5.8200000e+00   1.3023154e+00   1.0000000e+00
   5.8300000e+00   1.3009147e+00   1.0000000e+00
   5.8400000e+00   1.2994932e+00   1.0000000e+00
   5.8500000e+00   1.2980510e+00   1.0000000e+00
   5.8600000e+00   1.2965884e+00   1.0000000e+00
   5.8700000e+00   1.2951057e+00   1.0000000e+00
   5.8800000e+00   1.2936033e+00   1.0000000e+00
   5.8900000e+00   1.2920813e+00   1.0000000e+00
   5.9000000e+00   1.2905400e+00   1.0000000e+00
   5.9100000e+00   1.2889798e+00   1.0000000e+00
   5.9200000e+00   1.2874009e+00   1.0000000e+00
   5.9300000e+00   1.2858036e+00   1.0000000e+00
   5.9400000e+00   1.2841881e+00   1.0000000e+00
   5.9500000e+00   1.2825548e+00   1.0000000e+00
   5.9600000e+00   1.2809038e+00   1.0000000e+00
   5.9700000e+00   1.2792356e+00   1.0000000e+00
   5.9800000e+00   1.2775504e+00   1.0000000e+00
   5.9900000e+00   1.2758484e+00   1.0000000e+00
   6.0000000e+00   1.2741299e+00   1.0000000e+00
   6.0100000e+00   1.2723953e+00   1.0000000e+00
   6.0200000e+00   1.2706447e+00   1.0000000e+00
   6.0300000e+00   1.2688785e+00   1.0000000e+00
   6.0400000e+00   1.2670970e+00   1.0000000e+00
   6.0500000e+00   1.2653004e+00   1.0000000e+00
   6.0600000e+00   1.2634889e+00   1.0000000e+00
   6.0700000e+00   1.2616630e+00   1.0000000e+00
   6.0800000e+00   1.2598228e+00   1.0000000e+00
   6.0900000e+00   1.2579686e+00   1.0000000e+00
   6.1000000e+00   1.2561007e+00   1.0000000e+00
   6.1100000e+00   1.2542194e+00   1.0000000e+00
   6.1200000e+00   1.2523249e+00   1.0000000e+00
   6.1300000e+00   1.2504176e+00   1.0000000e+00
   6.1400000e+00   1.2484976e+00   1.0000000e+00
   6.1500000e+00   1.2465653e+00   1.0000000e+00
   6.1600000e+00   1.2446210e+00   1.0000000e+00
   6.1700000e+00   1.2426649e+00   1.0000000e+00
   6.1800000e+00   1.2406973e+00   1.0000000e+00
   6.1900000e+00   1.2387184e+00   1.0000000e+00
   6.2000000e+00   1.2367286e+00   1.0000000e+00
   6.2100000e+00   1.2347280e+00   1.0000000e+00
   6.2200000e+00   1.2327170e+00   1.0000000e+00
   6.2300000e+00   1.2306959e+00   1.0000000e+00
   6.2400000e+00   1.2286648e+00   1.0000000e+00
   6.2500000e+00   1.2266241e+00   1.0000000e+00
   6.2600000e+00   1.2245741e+00   1.0000000e+00
   6.2700000e+00   1.2225149e+00   1.0000000e+00
   6.2800000e+00   1.2204469e+00   1.0000000e+00
   6.2900000e+00   1.2183704e+00   1.0000000e+00
   6.3000000e+00   1.2162855e+00   1.0000000e+00
   6.3100000e+00   1.2141926e+00   1.0000000e+00
   6.3200000e+00   1.2120919e+00   1.0000000e+00
   6.3300000e+00   1.2099836e+00   1.0000000e+00
   6.3400000e+00   1.2078681e+00   1.0000000e+00
   6.3500000e+00   1.2057456e+00   1.0000000e+00
   6.3600000e+00   1.2036163e+00   1.0000000e+00
   6.3700000e+00   1.2014805e+00   1.0000000e+00
   6.3800000e+00   1.1993384e+00   1.0000000e+00
   6.3900000e+00   1.1971904e+00   1.0000000e+00
   6.4000000e+00   1.1950367e+00   1.0000000e+00
   6.4100000e+00   1.1928774e+00   1.0000000e+00
   6.4200000e+00   1.1907129e+00   1.0000000e+00
   6.4300000e+00   1.1885435e+00   1.0000000e+00
   6.4400000e+00   1.1863692e+00   1.0000000e+00
   6.4500000e+00   1.1841906e+00   1.0000000e+00
   6.4600000e+00   1.1820076e+00   1.0000000e+00
   6.4700000e+00   1.1798207e+00   1.0000000e+00
   6.4800000e+00   1.1776300e+00   1.0000000e+00
   6.4900000e+00   1.1754358e+00   1.0000000e+00
   6.5000000e+00   1.1732383e+00   1.0000000e+00
   6.5100000e+00   1.1710378e+00   1.0000000e+00
   6.5200000e+00   1.1688345e+00   1.0000000e+00
   6.5300000e+00   1.1666286e+00   1.0000000e+00
   6.5400000e+00   1.1644205e+00   1.0000000e+00
   6.5500000e+00   1.1622102e+00   1.0000000e+00
   6.5600000e+00   1.1599981e+00   1.0000000e+00
   6.5700000e+00   1.1577844e+00   1.0000000e+00
   6.5800000e+00   1.1555693e+00   1.0000000e+00
   6.5900000e+00   1.1533531e+00   1.0000000e+00
   6.6000000e+00   1.1511359e+00   1.0000000e+00
   6.6100000e+00   1.1489180e+00   1.0000000e+00
   6.6200000e+00   1.1466997e+00   1.0000000e+00
   6.6300000e+00   1.1444810e+00   1.0000000e+00
   6.6400000e+00   1.1422624e+00   1.0000000e+00
   6.6500000e+00   1.1400440e+00   1.0000000e+00
   6.6600000e+00   1.1378260e+00   1.0000000e+00
   6.6700000e+00   1.1356086e+00   1.0000000e+00
   6.6800000e+00   1.1333920e+00   1.0000000e+00
   6.6900000e+00   1.1311766e+00   1.0000000e+00
   6.7000000e+00   1.1289624e+00   1.0000000e+00
   6.7100000e+00   1.1267497e+00   1.0000000e+00
   6.7200000e+00   1.1245387e+00   1.0000000e+00
   6.7300000e+00   1.1223296e+00   1.0000000e+00
   6.7400000e+00   1.1201226e+00   1.0000000e+00
   6.7500000e+00   1.1179179e+00   1.0000000e+00
   6.7600000e+00   1.1157158e+00   1.0000000e+00
   6.7700000e+00   1.1135165e+00   1.0000000e+00
   6.7800000e+00   1.1113200e+00   1.0000000e+00
   6.7900000e+00   1.1091267e+00   1.0000000e+00
   6.8000000e+00   1.1069367e+00   1.0000000e+00
   6.8100000e+00   1.1047503e+00   1.0000000e+00
   6.8200000e+00   1.1025675e+00   1.0000000e+00
   6.8300000e+00   1.1003887e+00   1.0000000e+00
   6.8400000e+00   1.0982140e+00   1.0000000e+00
   6.8500000e+00   1.0960436e+00   1.0000000e+00
   6.8600000e+00   1.0938777e+00   1.0000000e+00
   6.8700000e+00   1.0917165e+00   1.0000000e+00
   6.8800000e+00   1.0895601e+00   1.0000000e+00
   6.8900000e+00   1.0874088e+00   1.0000000e+00
   6.9000000e+00   1.0852627e+00   1.0000000e+00
   6.9100000e+00   1.0831220e+00   1.0000000e+00
   6.9200000e+00   1.0809869e+00   1.0000000e+00
   6.9300000e+00   1.0788575e+00   1.0000000e+00
   6.9400000e+00   1.0767341e+00   1.0000000e+00
   6.9500000e+00   1.0746168e+00   1.0000000e+00
   6.9600000e+00   1.0725058e+00   1.0000000e+00
   6.9700000e+00   1.0704012e+00   1.0000000e+00
   6.9800000e+00   1.0683033e+00   1.0000000e+00
   6.9900000e+00   1.0662121e+00   1.0000000e+00
   7.0000000e+00   1.0641279e+00   1.0000000e+00
   7.0100000e+00   1.0620508e+00   1.0000000e+00
   7.0200000e+00   1.0599809e+00   1.0000000e+00
   7.0300000e+00   1.0579185e+00   1.0000000e+00
   7.0400000e+00   1.0558637e+00   1.0000000e+00
   7.0500000e+00   1.0538166e+00   1.0000000e+00
   7.0600000e+00   1.0517774e+00   1.0000000e+00
   7.0700000e+00   1.0497463e+00   1.0000000e+00
   7.0800000e+00   1.0477234e+00   1.0000000e+00
   7.0900000e+00   1.0457088e+00   1.0000000e+00
   7.1000000e+00   1.0437027e+00   1.0000000e+00
   7.1100000e+00   1.0417053e+00   1.0000000e+00
   7.1200000e+00   1.0397167e+00   1.0000000e+00
   7.1300000e+00   1.0377369e+00   1.0000000e+00
   7.1400000e+00   1.0357663e+00   1.0000000e+00
   7.1500000e+00   1.0338048e+00   1.0000000e+00
   7.1600000e+00   1.0318527e+00   1.0000000e+00
   7.1700000e+00   1.0299100e+00   1.0000000e+00
   7.1800000e+00   1.0279770e+00   1.0000000e+00
   7.1900000e+00   1.0260537e+00   1.0000000e+00
   7.2000000e+00   1.0241402e+00   1.0000000e+00
   7.2100000e+00   1.0222368e+00   1.0000000e+00
   7.2200000e+00   1.0203435e+00   1.0000000e+00
   7.2300000e+00   1.0184604e+00   1.0000000e+00
   7.2400000e+00   1.0165876e+00   1.0000000e+00
   7.2500000e+00   1.0147254e+00   1.0000000e+00
   7.2600000e+00   1.0128737e+00   1.0000000e+00
   7.2700000e+00   1.0110328e+00   1.0000000e+00
   7.2800000e+00   1.0092026e+00   1.0000000e+00
   7.2900000e+00   1.0073835e+00   1.0000000e+00
   7.3000000e+00   1.0055753e+00   1.0000000e+00
   7.3100000e+00   1.0037784e+00   1.0000000e+00
   7.3200000e+00   1.0019927e+00   1.0000000e+00
   7.3300000e+00   1.0002183e+00   1.0000000e+00
   7.3400000e+00   9.9845548e-01   1.0000000e+00
   7.3500000e+00   9.9670420e-01   1.0000000e+00
   7.3600000e+00   9.9496459e-01   1.0000000e+00
   7.3700000e+00   9.9323675e-01   1.0000000e+00
   7.3800000e+00   9.9152079e-01   1.0000000e+00
   7.3900000e+00   9.8981678e-01   1.0000000e+00
   7.4000000e+00   9.8812483e-01   1.0000000e+00
   7.4100000e+00   9.8644503e-01   1.0000000e+00
   7.4200000e+00   9.8477746e-01   1.0000000e+00
   7.4300000e+00   9.8312222e-01   1.0000000e+00
   7.4400000e+00   9.8147937e-01   1.0000000e+00
   7.4500000e+00   9.7984902e-01   1.0000000e+00
   7.4600000e+00   9.7823124e-01   1.0000000e+00
   7.4700000e+00   9.7662612e-01   1.0000000e+00
   7.4800000e+00   9.7503372e-01   1.0000000e+00
   7.4900000e+00   9.7345412e-01   1.0000000e+00
   7.5000000e+00   9.7188741e-01   1.0000000e+00
   7.5100000e+00   9.7033365e-01   1.0000000e+00
   7.5200000e+00   9.6879291e-01   1.0000000e+00
   7.5300000e+00   9.6726527e-01   1.0000000e+00
   7.5400000e+00   9.6575079e-01   1.0000000e+00
   7.5500000e+00   9.6424953e-01   1.0000000e+00
   7.5600000e+00   9.6276156e-01   1.0000000e+00
   7.5700000e+00   9.6128695e-01   1.0000000e+00
   7.5800000e+00   9.5982574e-01   1.0000000e+00
   7.5900000e+00   9.5837801e-01   1.0000000e+00
   7.6000000e+00   9.5694381e-01   1.0000000e+00
   7.6100000e+00   9.5552319e-01   1.0000000e+00
   7.6200000e+00   9.5411621e-01   1.0000000e+00
   7.6300000e+00   9.5272291e-01   1.0000000e+00
   7.6400000e+00   9.5134336e-01   1.0000000e+00
   7.6500000e+00   9.4997759e-01   1.0000000e+00
   7.6600000e+00   9.4862566e-01   1.0000000e+00
   7.6700000e+00   9.4728761e-01   1.0000000e+00
   7.6800000e+00   9.4596348e-01   1.0000000e+00
   7.6900000e+00   9.4465332e-01   1.0000000e+00
   7.7000000e+00   9.4335716e-01   1.0000000e+00
   7.7100000e+00   9.4207505e-01   1.0000000e+00
   7.7200000e+00   9.4080702e-01   1.0000000e+00
   7.7300000e+00   9.3955310e-01   1.0000000e+00
   7.7400000e+00   9.3831333e-01   1.0000000e+00
   7.7500000e+00   9.3708774e-01   1.0000000e+00
   7.7600000e+00   9.3587636e-01   1.0000000e+00
   7.7700000e+00   9.3467922e-01   1.0000000e+00
   7.7800000e+00   9.3349635e-01   1.0000000e+00
   7.7900000e+00   9.3232778e-01   1.0000000e+00
   7.8000000e+00   9.3117352e-01   1.0000000e+00
   7.8100000e+00   9.3003359e-01   1.0000000e+00
   7.8200000e+00   9.2890803e-01   1.0000000e+00
   7.8300000e+00   9.2779684e-01   1.0000000e+00
   7.8400000e+00   9.2670006e-01   1.0000000e+00
   7.8500000e+00   9.2561768e-01   1.0000000e+00
   7.8600000e+00   9.2454973e-01   1.0000000e+00
   7.8700000e+00   9.2349622e-01   1.0000000e+00
   7.8800000e+00   9.2245716e-01   1.0000000e+00
   7.8900000e+00   9.2143256e-01   1.0000000e+00
   7.9000000e+00   9.2042243e-01   1.0000000e+00
   7.9100000e+00   9.1942678e-01   1.0000000e+00
   7.9200000e+00   9.1844561e-01   1.0000000e+00
   7.9300000e+00   9.1747893e-01   1.0000000e+00
   7.9400000e+00   9.1652673e-01   1.0000000e+00
   7.9500000e+00   9.1558902e-01   1.0000000e+00
   7.9600000e+00   9.1466581e-01   1.0000000e+00
   7.9700000e+00   9.1375708e-01   1.0000000e+00
   7.9800000e+00   9.1286283e-01   1.0000000e+00
   7.9900000e+00   9.1198306e-01   1.0000000e+00
   8.0000000e+00   9.1111777e-01   1.0000000e+00
   8.0100000e+00   9.1026694e-01   1.0000000e+00
   8.0200000e+00   9.0943057e-01   1.0000000e+00
   8.0300000e+00   9.0860864e-01   1.0000000e+00
   8.0400000e+00   9.0780115e-01   1.0000000e+00
   8.0500000e+00   9.0700808e-01   1.0000000e+00
   8.0600000e+00   9.0622942e-01   1.0000000e+00
   8.0700000e+00   9.0546514e-01   1.0000000e+00
   8.0800000e+00   9.0471525e-01   1.0000000e+00
   8.0900000e+00   9.0397971e-01   1.0000000e+00
   8.1000000e+00   9.0325850e-01   1.0000000e+00
   8.1100000e+00   9.0255161e-01   1.0000000e+00
   8.1200000e+00   9.0185902e-01   1.0000000e+00
   8.1300000e+00   9.0118069e-01   1.0000000e+00
   8.1400000e+00   9.0051661e-01   1.0000000e+00
   8.1500000e+00   8.9986674e-01   1.0000000e+00
   8.1600000e+00   8.9923107e-01   1.0000000e+00
   8.1700000e+00   8.9860956e-01   1.0000000e+00
   8.1800000e+00   8.9800219e-01   1.0000000e+00
   8.1900000e+00   8.9740891e-01   1.0000000e+00
   8.2000000e+00   8.9682970e-01   1.0000000e+00
   8.2100000e+00   8.9626453e-01   1.0000000e+00
   8.2200000e+00   8.9571337e-01   1.0000000e+00
   8.2300000e+00   8.9517616e-01   1.0000000e+00
   8.2400000e+00   8.9465289e-01   1.0000000e+00
   8.2500000e+00   8.9414351e-01   1.0000000e+00
   8.2600000e+00   8.9364798e-01   1.0000000e+00
   8.2700000e+00   8.9316626e-01   1.0000000e+00
   8.2800000e+00   8.9269831e-01   1.0000000e+00
   8.2900000e+00   8.9224408e-01   1.0000000e+00
   8.3000000e+00   8.9180354e-01   1.0000000e+00
   8.3100000e+00   8.9137664e-01   1.0000000e+00
   8.3200000e+00   8.9096333e-01   1.0000000e+00
   8.3300000e+00   8.9056357e-01   1.0000000e+00
   8.3400000e+00   8.9017731e-01   1.0000000e+00
   8.3500000e+00   8.8980449e-01   1.0000000e+00
   8.3600000e+00   8.8944507e-01   1.0000000e+00
   8.3700000e+00   8.8909901e-01   1.0000000e+00
   8.3800000e+00   8.8876623e-01   1.0000000e+00
   8.3900000e+00   8.8844671e-01   1.0000000e+00
   8.4000000e+00   8.8814037e-01   1.0000000e+00
   8.4100000e+00   8.8784716e-01   1.0000000e+00
   8.4200000e+00   8.8756704e-01   1.0000000e+00
   8.4300000e+00   8.8729993e-01   1.0000000e+00
   8.4400000e+00   8.8704579e-01   1.0000000e+00
   8.4500000e+00   8.8680455e-01   1.0000000e+00
   8.4600000e+00   8.8657616e-01   1.0000000e+00
   8.4700000e+00   8.8636056e-01   1.0000000e+00
   8.4800000e+00   8.8615768e-01   1.0000000e+00
   8.4900000e+00   8.8596746e-01   1.0000000e+00
   8.5000000e+00   8.8578984e-01   1.0000000e+00
   8.5100000e+00   8.8562475e-01   1.0000000e+00
   8.5200000e+00   8.8547214e-01   1.0000000e+00
   8.5300000e+00   8.8533193e-01   1.0000000e+00
   8.5400000e+00   8.8520405e-01   1.0000000e+00
   8.5500000e+00   8.8508845e-01   1.0000000e+00
   8.5600000e+00   8.8498505e-01   1.0000000e+00
   8.5700000e+00   8.8489378e-01   1.0000000e+00
   8.5800000e+00   8.8481458e-01   1.0000000e+00
   8.5900000e+00   8.8474737e-01   1.0000000e+00
   8.6000000e+00   8.8469209e-01   1.0000000e+00
   8.6100000e+00   8.8464866e-01   1.0000000e+00
   8.6200000e+00   8.8461700e-01   1.0000000e+00
   8.6300000e+00   8.8459706e-01   1.0000000e+00
   8.6400000e+00   8.8458874e-01   1.0000000e+00
   8.6500000e+00   8.8459198e-01   1.0000000e+00
   8.6600000e+00   8.8460671e-01   1.0000000e+00
   8.6700000e+00   8.8463284e-01   1.0000000e+00
   8.6800000e+00   8.8467030e-01   1.0000000e+00
   8.6900000e+00   8.8471901e-01   1.0000000e+00
   8.7000000e+00   8.8477890e-01   1.0000000e+00
   8.7100000e+00   8.8484988e-01   1.0000000e+00
   8.7200000e+00   8.8493189e-01   1.0000000e+00
   8.7300000e+00   8.8502483e-01   1.0000000e+00
   8.7400000e+00   8.8512862e-01   1.0000000e+00
   8.7500000e+00   8.8524320e-01   1.0000000e+00
   8.7600000e+00   8.8536847e-01   1.0000000e+00
   8.7700000e+00   8.8550436e-01   1.0000000e+00
   8.7800000e+00   8.8565078e-01   1.0000000e+00
   8.7900000e+00   8.8580764e-01   1.0000000e+00
   8.8000000e+00   8.8597488e-01   1.0000000e+00
   8.8100000e+00   8.8615239e-01   1.0000000e+00
   8.8200000e+00   8.8634010e-01   1.0000000e+00
   8.8300000e+00   8.8653793e-01   1.0000000e+00
   8.8400000e+00   8.8674578e-01   1.0000000e+00
   8.8500000e+00   8.8696358e-01   1.0000000e+00
   8.8600000e+00   8.8719123e-01   1.0000000e+00
   8.8700000e+00   8.8742865e-01   1.0000000e+00
   8.8800000e+00   8.8767575e-01   1.0000000e+00
   8.8900000e+00   8.8793245e-01   1.0000000e+00
   8.9000000e+00   8.8819865e-01   1.0000000e+00
   8.9100000e+00   8.8847428e-01   1.0000000e+00
   8.9200000e+00   8.8875923e-01   1.0000000e+00
   8.9300000e+00   8.8905343e-01   1.0000000e+00
   8.9400000e+00   8.8935677e-01   1.0000000e+00
   8.9500000e+00   8.8966919e-01   1.0000000e+00
   8.9600000e+00   8.8999057e-01   1.0000000e+00
   8.9700000e+00   8.9032084e-01   1.0000000e+00
   8.9800000e+00   8.9065990e-01   1.0000000e+00
   8.9900000e+00   8.9100766e-01   1.0000000e+00
   9.0000000e+00   8.9136403e-01   1.0000000e+00
   9.0100000e+00   8.9172892e-01   1.0000000e+00
   9.0200000e+00   8.9210224e-01   1.0000000e+00
   9.0300000e+00   8.9248390e-01   1.0000000e+00
   9.0400000e+00   8.9287380e-01   1.0000000e+00
   9.0500000e+00   8.9327185e-01   1.0000000e+00
   9.0600000e+00   8.9367796e-01   1.0000000e+00
   9.0700000e+00   8.9409204e-01   1.0000000e+00
   9.0800000e+00   8.9451399e-01   1.0000000e+00
   9.0900000e+00   8.9494372e-01   1.0000000e+00
   9.1000000e+00   8.9538113e-01   1.0000000e+00
   9.1100000e+00   8.9582615e-01   1.0000000e+00
   9.1200000e+00   8.9627866e-01   1.0000000e+00
   9.1300000e+00   8.9673858e-01   1.0000000e+00
   9.1400000e+00   8.9720581e-01   1.0000000e+00
   9.1500000e+00   8.9768026e-01   1.0000000e+00
   9.1600000e+00   8.9816184e-01   1.0000000e+00
   9.1700000e+00   8.9865044e-01   1.0000000e+00
   9.1800000e+00   8.9914598e-01   1.0000000e+00
   9.1900000e+00   8.9964837e-01   1.0000000e+00
   9.2000000e+00   9.0015750e-01   1.0000000e+00
   9.2100000e+00   9.0067328e-01   1.0000000e+00
   9.2200000e+00   9.0119563e-01   1.0000000e+00
   9.2300000e+00   9.0172444e-01   1.0000000e+00
   9.2400000e+00   9.0225961e-01   1.0000000e+00
   9.2500000e+00   9.0280107e-01   1.0000000e+00
   9.2600000e+00   9.0334870e-01   1.0000000e+00
   9.2700000e+00   9.0390242e-01   1.0000000e+00
   9.2800000e+00   9.0446213e-01   1.0000000e+00
   9.2900000e+00   9.0502773e-01   1.0000000e+00
   9.3000000e+00   9.0559914e-01   1.0000000e+00
   9.3100000e+00   9.0617625e-01   1.0000000e+00
   9.3200000e+00   9.0675898e-01   1.0000000e+00
   9.3300000e+00   9.0734723e-01   1.0000000e+00
   9.3400000e+00   9.0794090e-01   1.0000000e+00
   9.3500000e+00   9.0853990e-01   1.0000000e+00
   9.3600000e+00   9.0914413e-01   1.0000000e+00
   9.3700000e+00   9.0975351e-01   1.0000000e+00
   9.3800000e+00   9.1036793e-01   1.0000000e+00
   9.3900000e+00   9.1098731e-01   1.0000000e+00
   9.4000000e+00   9.1161154e-01   1.0000000e+00
   9.4100000e+00   9.1224054e-01   1.0000000e+00
   9.4200000e+00   9.1287422e-01   1.0000000e+00
   9.4300000e+00   9.1351247e-01   1.0000000e+00
   9.4400000e+00   9.1415521e-01   1.0000000e+00
   9.4500000e+00   9.1480234e-01   1.0000000e+00
   9.4600000e+00   9.1545377e-01   1.0000000e+00
   9.4700000e+00   9.1610941e-01   1.0000000e+00
   9.4800000e+00   9.1676916e-01   1.0000000e+00
   9.4900000e+00   9.1743293e-01   1.0000000e+00
   9.5000000e+00   9.1810063e-01   1.0000000e+00
   9.5100000e+00   9.1877217e-01   1.0000000e+00
   9.5200000e+00   9.1944745e-01   1.0000000e+00
   9.5300000e+00   9.2012639e-01   1.0000000e+00
   9.5400000e+00   9.2080889e-01   1.0000000e+00
   9.5500000e+00   9.2149486e-01   1.0000000e+00
   9.5600000e+00   9.2218422e-01   1.0000000e+00
   9.5700000e+00   9.2287686e-01   1.0000000e+00
   9.5800000e+00   9.2357270e-01   1.0000000e+00
   9.5900000e+00   9.2427165e-01   1.0000000e+00
   9.6000000e+00   9.2497362e-01   1.0000000e+00
   9.6100000e+00   9.2567853e-01   1.0000000e+00
   9.6200000e+00   9.2638627e-01   1.0000000e+00
   9.6300000e+00   9.2709676e-01   1.0000000e+00
   9.6400000e+00   9.2780992e-01   1.0000000e+00
   9.6500000e+00   9.2852566e-01   1.0000000e+00
   9.6600000e+00   9.2924388e-01   1.0000000e+00
   9.6700000e+00   9.2996450e-01   1.0000000e+00
   9.6800000e+00   9.3068743e-01   1.0000000e+00
   9.6900000e+00   9.3141258e-01   1.0000000e+00
   9.7000000e+00   9.3213988e-01   1.0000000e+00
   9.7100000e+00   9.3286923e-01   1.0000000e+00
   9.7200000e+00   9.3360054e-01   1.0000000e+00
   9.7300000e+00   9.3433373e-01   1.0000000e+00
   9.7400000e+00   9.3506872e-01   1.0000000e+00
   9.7500000e+00   9.3580542e-01   1.0000000e+00
   9.7600000e+00   9.3654374e-01   1.0000000e+00
   9.7700000e+00   9.3728360e-01   1.0000000e+00
   9.7800000e+00   9.3802493e-01   1.0000000e+00
   9.7900000e+00   9.3876762e-01   1.0000000e+00
   9.8000000e+00   9.3951161e-01   1.0000000e+00
   9.8100000e+00   9.4025681e-01   1.0000000e+00
   9.8200000e+00   9.4100313e-01   1.0000000e+00
   9.8300000e+00   9.4175050e-01   1.0000000e+00
   9.8400000e+00   9.4249884e-01   1.0000000e+00
   9.8500000e+00   9.4324805e-01   1.0000000e+00
   9.8600000e+00   9.4399807e-01   1.0000000e+00
   9.8700000e+00   9.4474881e-01   1.0000000e+00
   9.8800000e+00   9.4550020e-01   1.0000000e+00
   9.8900000e+00   9.4625215e-01   1.0000000e+00
   9.9000000e+00   9.4700458e-01   1.0000000e+00
   9.9100000e+00   9.4775742e-01   1.0000000e+00
   9.9200000e+00   9.4851059e-01   1.0000000e+00
   9.9300000e+00   9.4926402e-01   1.0000000e+00
   9.9400000e+00   9.5001762e-01   1.0000000e+00
   9.9500000e+00   9.5077132e-01   1.0000000e+00
   9.9600000e+00   9.5152504e-01   1.0000000e+00
   9.9700000e+00   9.5227871e-01   1.0000000e+00
   9.9800000e+00   9.5303225e-01   1.0000000e+00
   9.9900000e+00   9.5378560e-01   1.0000000e+00
   1.0000000e+01   9.5453867e-01   1.0000000e+00
   1.0010000e+01   9.5529139e-01   1.0000000e+00
   1.0020000e+01   9.5604369e-01   1.0000000e+00
   1.0030000e+01   9.5679550e-01   1.0000000e+00
   1.0040000e+01   9.5754674e-01   1.0000000e+00
   1.0050000e+01   9.5829735e-01   1.0000000e+00
   1.0060000e+01   9.5904725e-01   1.0000000e+00
   1.0070000e+01   9.5979638e-01   1.0000000e+00
   1.0080000e+01   9.6054466e-01   1.0000000e+00
   1.0090000e+01   9.6129202e-01   1.0000000e+00
   1.0100000e+01   9.6203840e-01   1.0000000e+00
   1.0110000e+01   9.6278373e-01   1.0000000e+00
   1.0120000e+01   9.6352794e-01   1.0000000e+00
   1.0130000e+01   9.6427096e-01   1.0000000e+00
   1.0140000e+01   9.6501273e-01   1.0000000e+00
   1.0150000e+01   9.6575318e-01   1.0000000e+00
   1.0160000e+01   9.6649225e-01   1.0000000e+00
   1.0170000e+01   9.6722987e-01   1.0000000e+00
   1.0180000e+01   9.6796597e-01   1.0000000e+00
   1.0190000e+01   9.6870050e-01   1.0000000e+00
   1.0200000e+01   9.6943340e-01   1.0000000e+00
   1.0210000e+01   9.7016458e-01   1.0000000e+00
   1.0220000e+01   9.7089401e-01   1.0000000e+00
   1.0230000e+01   9.7162161e-01   1.0000000e+00
   1.0240000e+01   9.7234733e-01   1.0000000e+00
   1.0250000e+01   9.7307110e-01   1.0000000e+00
   1.0260000e+01   9.7379286e-01   1.0000000e+00
   1.0270000e+01   9.7451256e-01   1.0000000e+00
   1.0280000e+01   9.7523014e-01   1.0000000e+00
   1.0290000e+01   9.7594554e-01   1.0000000e+00
   1.0300000e+01   9.7665870e-01   1.0000000e+00
   1.0310000e+01   9.7736957e-01   1.0000000e+00
   1.0320000e+01   9.7807808e-01   1.0000000e+00
   1.0330000e+01   9.7878419e-01   1.0000000e+00
   1.0340000e+01   9.7948785e-01   1.0000000e+00
   1.0350000e+01   9.8018898e-01   1.0000000e+00
   1.0360000e+01   9.8088755e-01   1.0000000e+00
   1.0370000e+01   9.8158350e-01   1.0000000e+00
   1.0380000e+01   9.8227677e-01   1.0000000e+00
   1.0390000e+01   9.8296732e-01   1.0000000e+00
   1.0400000e+01   9.8365510e-01   1.0000000e+00
   1.0410000e+01   9.8434004e-01   1.0000000e+00
   1.0420000e+01   9.8502211e-01   1.0000000e+00
   1.0430000e+01   9.8570126e-01   1.0000000e+00
   1.0440000e+01   9.8637743e-01   1.0000000e+00
   1.0450000e+01   9.8705057e-01   1.0000000e+00
   1.0460000e+01   9.8772065e-01   1.0000000e+00
   1.0470000e+01   9.8838760e-01   1.0000000e+00
   1.0480000e+01   9.8905140e-01   1.0000000e+00
   1.0490000e+01   9.8971198e-01   1.0000000e+00
   1.0500000e+01   9.9036931e-01   1.0000000e+00
   1.0510000e+01   9.9102334e-01   1.0000000e+00
   1.0520000e+01   9.9167403e-01   1.0000000e+00
   1.0530000e+01   9.9232134e-01   1.0000000e+00
   1.0540000e+01   9.9296521e-01   1.0000000e+00
   1.0550000e+01   9.9360561e-01   1.0000000e+00
   1.0560000e+01   9.9424251e-01   1.0000000e+00
   1.0570000e+01   9.9487585e-01   1.0000000e+00
   1.0580000e+01   9.9550559e-01   1.0000000e+00
   1.0590000e+01   9.9613171e-01   1.0000000e+00
   1.0600000e+01   9.9675415e-01   1.0000000e+00
   1.0610000e+01   9.9737289e-01   1.0000000e+00
   1.0620000e+01   9.9798787e-01   1.0000000e+00
   1.0630000e+01   9.9859908e-01   1.0000000e+00
   1.0640000e+01   9.9920646e-01   1.0000000e+00
   1.0650000e+01   9.9980999e-01   1.0000000e+00
   1.0660000e+01   1.0004096e+00   1.0000000e+00
   1.0670000e+01   1.0010053e+00   1.0000000e+00
   1.0680000e+01   1.0015971e+00   1.0000000e+00
   1.0690000e+01   1.0021848e+00   1.0000000e+00
   1.0700000e+01   1.0027686e+00   1.0000000e+00
   1.0710000e+01   1.0033483e+00   1.0000000e+00
   1.0720000e+01   1.0039238e+00   1.0000000e+00
   1.0730000e+01   1.0044953e+00   1.0000000e+00
   1.0740000e+01   1.0050626e+00   1.0000000e+00
   1.0750000e+01   1.0056257e+00   1.0000000e+00
   1.0760000e+01   1.0061847e+00   1.0000000e+00
   1.0770000e+01   1.0067394e+00   1.0000000e+00
   1.0780000e+01   1.0072898e+00   1.0000000e+00
   1.0790000e+01   1.0078359e+00   1.0000000e+00
   1.0800000e+01   1.0083777e+00   1.0000000e+00
   1.0810000e+01   1.0089152e+00   1.0000000e+00
   1.0820000e+01   1.0094483e+00   1.0000000e+00
   1.0830000e+01   1.0099770e+00   1.0000000e+00
   1.0840000e+01   1.0105012e+00   1.0000000e+00
   1.0850000e+01   1.0110211e+00   1.0000000e+00
   1.0860000e+01   1.0115364e+00   1.0000000e+00
   1.0870000e+01   1.0120473e+00   1.0000000e+00
   1.0880000e+01   1.0125537e+00   1.0000000e+00
   1.0890000e+01   1.0130555e+00   1.0000000e+00
   1.0900000e+01   1.0135528e+00   1.0000000e+00
   1.0910000e+01   1.0140455e+00   1.0000000e+00
   1.0920000e+01   1.0145336e+00   1.0000000e+00
   1.0930000e+01   1.0150171e+00   1.0000000e+00
   1.0940000e+01   1.0154960e+00   1.0000000e+00
   1.0950000e+01   1.0159703e+00   1.0000000e+00
   1.0960000e+01   1.0164398e+00   1.0000000e+00
   1.0970000e+01   1.0169047e+00   1.0000000e+00
   1.0980000e+01   1.0173649e+00   1.0000000e+00
   1.0990000e+01   1.0178204e+00   1.0000000e+00
   1.1000000e+01   1.0182711e+00   1.0000000e+00
   1.1010000e+01   1.0187171e+00   1.0000000e+00
   1.1020000e+01   1.0191584e+00   1.0000000e+00
   1.1030000e+01   1.0195949e+00   1.0000000e+00
   1.1040000e+01   1.0200266e+00   1.0000000e+00
   1.1050000e+01   1.0204535e+00   1.0000000e+00
   1.1060000e+01   1.0208756e+00   1.0000000e+00
   1.1070000e+01   1.0212929e+00   1.0000000e+00
   1.1080000e+01   1.0217053e+00   1.0000000e+00
   1.1090000e+01   1.0221130e+00   1.0000000e+00
   1.1100000e+01   1.0225157e+00   1.0000000e+00
   1.1110000e+01   1.0229137e+00   1.0000000e+00
   1.1120000e+01   1.0233067e+00   1.0000000e+00
   1.1130000e+01   1.0236949e+00   1.0000000e+00
   1.1140000e+01   1.0240782e+00   1.0000000e+00
   1.1150000e+01   1.0244567e+00   1.0000000e+00
   1.1160000e+01   1.0248302e+00   1.0000000e+00
   1.1170000e+01   1.0251989e+00   1.0000000e+00
   1.1180000e+01   1.0255626e+00   1.0000000e+00
   1.1190000e+01   1.0259215e+00   1.0000000e+00
   1.1200000e+01   1.0262754e+00   1.0000000e+00
   1.1210000e+01   1.0266244e+00   1.0000000e+00
   1.1220000e+01   1.0269686e+00   1.0000000e+00
   1.1230000e+01   1.0273077e+00   1.0000000e+00
   1.1240000e+01   1.0276420e+00   1.0000000e+00
   1.1250000e+01   1.0279714e+00   1.0000000e+00
   1.1260000e+01   1.0282958e+00   1.0000000e+00
   1.1270000e+01   1.0286153e+00   1.0000000e+00
   1.1280000e+01   1.0289299e+00   1.0000000e+00
   1.1290000e+01   1.0292396e+00   1.0000000e+00
   1.1300000e+01   1.0295443e+00   1.0000000e+00
   1.1310000e+01   1.0298441e+00   1.0000000e+00
   1.1320000e+01   1.0301390e+00   1.0000000e+00
   1.1330000e+01   1.0304290e+00   1.0000000e+00
   1.1340000e+01   1.0307141e+00   1.0000000e+00
   1.1350000e+01   1.0309943e+00   1.0000000e+00
   1.1360000e+01   1.0312696e+00   1.0000000e+00
   1.1370000e+01   1.0315399e+00   1.0000000e+00
   1.1380000e+01   1.0318054e+00   1.0000000e+00
   1.1390000e+01   1.0320660e+00   1.0000000e+00
   1.1400000e+01   1.0323217e+00   1.0000000e+00
   1.1410000e+01   1.0325725e+00   1.0000000e+00
   1.1420000e+01   1.0328184e+00   1.0000000e+00
   1.1430000e+01   1.0330595e+00   1.0000000e+00
   1.1440000e+01   1.0332957e+00   1.0000000e+00
   1.1450000e+01   1.0335271e+00   1.0000000e+00
   1.1460000e+01   1.0337537e+00   1.0000000e+00
   1.1470000e+01   1.0339754e+00   1.0000000e+00
   1.1480000e+01   1.0341922e+00   1.0000000e+00
   1.1490000e+01   1.0344043e+00   1.0000000e+00
   1.1500000e+01   1.0346116e+00   1.0000000e+00
   1.1510000e+01   1.0348140e+00   1.0000000e+00
   1.1520000e+01   1.0350117e+00   1.0000000e+00
   1.1530000e+01   1.0352046e+00   1.0000000e+00
   1.1540000e+01   1.0353928e+00   1.0000000e+00
   1.1550000e+01   1.0355762e+00   1.0000000e+00
   1.1560000e+01   1.0357549e+00   1.0000000e+00
   1.1570000e+01   1.0359289e+00   1.0000000e+00
   1.1580000e+01   1.0360981e+00   1.0000000e+00
   1.1590000e+01   1.0362627e+00   1.0000000e+00
   1.1600000e+01   1.0364225e+00   1.0000000e+00
   1.1610000e+01   1.0365777e+00   1.0000000e+00
   1.1620000e+01   1.0367283e+00   1.0000000e+00
   1.1630000e+01   1.0368742e+00   1.0000000e+00
   1.1640000e+01   1.0370155e+00   1.0000000e+00
   1.1650000e+01   1.0371522e+00   1.0000000e+00
   1.1660000e+01   1.0372843e+00   1.0000000e+00
   1.1670000e+01   1.0374118e+00   1.0000000e+00
   1.1680000e+01   1.0375348e+00   1.0000000e+00
   1.1690000e+01   1.0376533e+00   1.0000000e+00
   1.1700000e+01   1.0377672e+00   1.0000000e+00
   1.1710000e+01   1.0378766e+00   1.0000000e+00
   1.1720000e+01   1.0379815e+00   1.0000000e+00
   1.1730000e+01   1.0380820e+00   1.0000000e+00
   1.1740000e+01   1.0381780e+00   1.0000000e+00
   1.1750000e+01   1.0382696e+00   1.0000000e+00
   1.1760000e+01   1.0383568e+00   1.0000000e+00
   1.1770000e+01   1.0384396e+00   1.0000000e+00
   1.1780000e+01   1.0385180e+00   1.0000000e+00
   1.1790000e+01   1.0385921e+00   1.0000000e+00
   1.1800000e+01   1.0386619e+00   1.0000000e+00
   1.1810000e+01   1.0387273e+00   1.0000000e+00
   1.1820000e+01   1.0387885e+00   1.0000000e+00
   1.1830000e+01   1.0388454e+00   1.0000000e+00
   1.1840000e+01   1.0388980e+00   1.0000000e+00
   1.1850000e+01   1.0389465e+00   1.0000000e+00
   1.1860000e+01   1.0389907e+00   1.0000000e+00
   1.1870000e+01   1.0390308e+00   1.0000000e+00
   1.1880000e+01   1.0390667e+00   1.0000000e+00
   1.1890000e+01   1.0390985e+00   1.0000000e+00
   1.1900000e+01   1.0391262e+00   1.0000000e+00
   1.1910000e+01   1.0391498e+00   1.0000000e+00
   1.1920000e+01   1.0391694e+00   1.0000000e+00
   1.1930000e+01   1.0391849e+00   1.0000000e+00
   1.1940000e+01   1.0391964e+00   1.0000000e+00
   1.1950000e+01   1.0392040e+00   1.0000000e+00
   1.1960000e+01   1.0392076e+00   1.0000000e+00
   1.1970000e+01   1.0392072e+00   1.0000000e+00
   1.1980000e+01   1.0392030e+00   1.0000000e+00
   1.1990000e+01   1.0391948e+00   1.0000000e+00
   1.2000000e+01   1.0391828e+00   1.0000000e+00
   1.2010000e+01   1.0391670e+00   1.0000000e+00
   1.2020000e+01   1.0391474e+00   1.0000000e+00
   1.2030000e+01   1.0391240e+00   1.0000000e+00
   1.2040000e+01   1.0390969e+00   1.0000000e+00
   1.2050000e+01   1.0390660e+00   1.0000000e+00
   1.2060000e+01   1.0390315e+00   1.0000000e+00
   1.2070000e+01   1.0389932e+00   1.0000000e+00
   1.2080000e+01   1.0389514e+00   1.0000000e+00
   1.2090000e+01   1.0389059e+00   1.0000000e+00
   1.2100000e+01   1.0388569e+00   1.0000000e+00
   1.2110000e+01   1.0388043e+00   1.0000000e+00
   1.2120000e+01   1.0387481e+00   1.0000000e+00
   1.2130000e+01   1.0386885e+00   1.0000000e+00
   1.2140000e+01   1.0386254e+00   1.0000000e+00
   1.2150000e+01   1.0385588e+00   1.0000000e+00
   1.2160000e+01   1.0384889e+00   1.0000000e+00
   1.2170000e+01   1.0384155e+00   1.0000000e+00
   1.2180000e+01   1.0383388e+00   1.0000000e+00
   1.2190000e+01   1.0382588e+00   1.0000000e+00
   1.2200000e+01   1.0381755e+00   1.0000000e+00
   1.2210000e+01   1.0380889e+00   1.0000000e+00
   1.2220000e+01   1.0379991e+00   1.0000000e+00
   1.2230000e+01   1.0379061e+00   1.0000000e+00
   1.2240000e+01   1.0378099e+00   1.0000000e+00
   1.2250000e+01   1.0377105e+00   1.0000000e+00
   1.2260000e+01   1.0376081e+00   1.0000000e+00
   1.2270000e+01   1.0375025e+00   1.0000000e+00
   1.2280000e+01   1.0373939e+00   1.0000000e+00
   1.2290000e+01   1.0372823e+00   1.0000000e+00
   1.2300000e+01   1.0371677e+00   1.0000000e+00
   1.2310000e+01   1.0370501e+00   1.0000000e+00
   1.2320000e+01   1.0369296e+00   1.0000000e+00
   1.2330000e+01   1.0368062e+00   1.0000000e+00
   1.2340000e+01   1.0366800e+00   1.0000000e+00
   1.2350000e+01   1.0365508e+00   1.0000000e+00
   1.2360000e+01   1.0364189e+00   1.0000000e+00
   1.2370000e+01   1.0362842e+00   1.0000000e+00
   1.2380000e+01   1.0361468e+00   1.0000000e+00
   1.2390000e+01   1.0360066e+00   1.0000000e+00
   1.2400000e+01   1.0358638e+00   1.0000000e+00
   1.2410000e+01   1.0357183e+00   1.0000000e+00
   1.2420000e+01   1.0355702e+00   1.0000000e+00
   1.2430000e+01   1.0354195e+00   1.0000000e+00
   1.2440000e+01   1.0352663e+00   1.0000000e+00
   1.2450000e+01   1.0351105e+00   1.0000000e+00
   1.2460000e+01   1.0349523e+00   1.0000000e+00
   1.2470000e+01   1.0347916e+00   1.0000000e+00
   1.2480000e+01   1.0346284e+00   1.0000000e+00
   1.2490000e+01   1.0344629e+00   1.0000000e+00
   1.2500000e+01   1.0342950e+00   1.0000000e+00
   1.2510000e+01   1.0341248e+00   1.0000000e+00
   1.2520000e+01   1.0339522e+00   1.0000000e+00
   1.2530000e+01   1.0337775e+00   1.0000000e+00
   1.2540000e+01   1.0336004e+00   1.0000000e+00
   1.2550000e+01   1.0334212e+00   1.0000000e+00
   1.2560000e+01   1.0332398e+00   1.0000000e+00
   1.2570000e+01   1.0330563e+00   1.0000000e+00
   1.2580000e+01   1.0328706e+00   1.0000000e+00
   1.2590000e+01   1.0326829e+00   1.0000000e+00
   1.2600000e+01   1.0324932e+00   1.0000000e+00
   1.2610000e+01   1.0323014e+00   1.0000000e+00
   1.2620000e+01   1.0321076e+00   1.0000000e+00
   1.2630000e+01   1.0319120e+00   1.0000000e+00
   1.2640000e+01   1.0317144e+00   1.0000000e+00
   1.2650000e+01   1.0315149e+00   1.0000000e+00
   1.2660000e+01   1.0313135e+00   1.0000000e+00
   1.2670000e+01   1.0311104e+00   1.0000000e+00
   1.2680000e+01   1.0309055e+00   1.0000000e+00
   1.2690000e+01   1.0306988e+00   1.0000000e+00
   1.2700000e+01   1.0304904e+00   1.0000000e+00
   1.2710000e+01   1.0302803e+00   1.0000000e+00
   1.2720000e+01   1.0300685e+00   1.0000000e+00
   1.2730000e+01   1.0298552e+00   1.0000000e+00
   1.2740000e+01   1.0296402e+00   1.0000000e+00
   1.2750000e+01   1.0294237e+00   1.0000000e+00
   1.2760000e+01   1.0292056e+00   1.0000000e+00
   1.2770000e+01   1.0289860e+00   1.0000000e+00
   1.2780000e+01   1.0287650e+00   1.0000000e+00
   1.2790000e+01   1.0285425e+00   1.0000000e+00
   1.2800000e+01   1.0283187e+00   1.0000000e+00
   1.2810000e+01   1.0280934e+00   1.0000000e+00
   1.2820000e+01   1.0278669e+00   1.0000000e+00
   1.2830000e+01   1.0276390e+00   1.0000000e+00
   1.2840000e+01   1.0274098e+00   1.0000000e+00
   1.2850000e+01   1.0271794e+00   1.0000000e+00
   1.2860000e+01   1.0269478e+00   1.0000000e+00
   1.2870000e+01   1.0267150e+00   1.0000000e+00
   1.2880000e+01   1.0264810e+00   1.0000000e+00
   1.2890000e+01   1.0262459e+00   1.0000000e+00
   1.2900000e+01   1.0260097e+00   1.0000000e+00
   1.2910000e+01   1.0257725e+00   1.0000000e+00
   1.2920000e+01   1.0255342e+00   1.0000000e+00
   1.2930000e+01   1.0252949e+00   1.0000000e+00
   1.2940000e+01   1.0250546e+00   1.0000000e+00
   1.2950000e+01   1.0248134e+00   1.0000000e+00
   1.2960000e+01   1.0245713e+00   1.0000000e+00
   1.2970000e+01   1.0243284e+00   1.0000000e+00
   1.2980000e+01   1.0240845e+00   1.0000000e+00
   1.2990000e+01   1.0238399e+00   1.0000000e+00
   1.3000000e+01   1.0235944e+00   1.0000000e+00
   1.3010000e+01   1.0233482e+00   1.0000000e+00
   1.3020000e+01   1.0231013e+00   1.0000000e+00
   1.3030000e+01   1.0228536e+00   1.0000000e+00
   1.3040000e+01   1.0226053e+00   1.0000000e+00
   1.3050000e+01   1.0223563e+00   1.0000000e+00
   1.3060000e+01   1.0221068e+00   1.0000000e+00
   1.3070000e+01   1.0218566e+00   1.0000000e+00
   1.3080000e+01   1.0216059e+00   1.0000000e+00
   1.3090000e+01   1.0213546e+00   1.0000000e+00
   1.3100000e+01   1.0211029e+00   1.0000000e+00
   1.3110000e+01   1.0208507e+00   1.0000000e+00
   1.3120000e+01   1.0205980e+00   1.0000000e+00
   1.3130000e+01   1.0203449e+00   1.0000000e+00
   1.3140000e+01   1.0200914e+00   1.0000000e+00
   1.3150000e+01   1.0198376e+00   1.0000000e+00
   1.3160000e+01   1.0195834e+00   1.0000000e+00
   1.3170000e+01   1.0193290e+00   1.0000000e+00
   1.3180000e+01   1.0190742e+00   1.0000000e+00
   1.3190000e+01   1.0188192e+00   1.0000000e+00
   1.3200000e+01   1.0185640e+00   1.0000000e+00
   1.3210000e+01   1.0183086e+00   1.0000000e+00
   1.3220000e+01   1.0180530e+00   1.0000000e+00
   1.3230000e+01   1.0177973e+00   1.0000000e+00
   1.3240000e+01   1.0175414e+00   1.0000000e+00
   1.3250000e+01   1.0172855e+00   1.0000000e+00
   1.3260000e+01   1.0170295e+00   1.0000000e+00
   1.3270000e+01   1.0167734e+00   1.0000000e+00
   1.3280000e+01   1.0165174e+00   1.0000000e+00
   1.3290000e+01   1.0162613e+00   1.0000000e+00
   1.3300000e+01   1.0160053e+00   1.0000000e+00
   1.3310000e+01   1.0157494e+00   1.0000000e+00
   1.3320000e+01   1.0154935e+00   1.0000000e+00
   1.3330000e+01   1.0152378e+00   1.0000000e+00
   1.3340000e+01   1.0149822e+00   1.0000000e+00
   1.3350000e+01   1.0147267e+00   1.0000000e+00
   1.3360000e+01   1.0144715e+00   1.0000000e+00
   1.3370000e+01   1.0142164e+00   1.0000000e+00
   1.3380000e+01   1.0139616e+00   1.0000000e+00
   1.3390000e+01   1.0137071e+00   1.0000000e+00
   1.3400000e+01   1.0134528e+00   1.0000000e+00
   1.3410000e+01   1.0131989e+00   1.0000000e+00
   1.3420000e+01   1.0129452e+00   1.0000000e+00
   1.3430000e+01   1.0126920e+00   1.0000000e+00
   1.3440000e+01   1.0124391e+00   1.0000000e+00
   1.3450000e+01   1.0121866e+00   1.0000000e+00
   1.3460000e+01   1.0119345e+00   1.0000000e+00
   1.3470000e+01   1.0116828e+00   1.0000000e+00
   1.3480000e+01   1.0114317e+00   1.0000000e+00
   1.3490000e+01   1.0111810e+00   1.0000000e+00
   1.3500000e+01   1.0109308e+00   1.0000000e+00
   1.3510000e+01   1.0106812e+00   1.0000000e+00
   1.3520000e+01   1.0104321e+00   1.0000000e+00
   1.3530000e+01   1.0101836e+00   1.0000000e+00
   1.3540000e+01   1.0099357e+00   1.0000000e+00
   1.3550000e+01   1.0096884e+00   1.0000000e+00
   1.3560000e+01   1.0094417e+00   1.0000000e+00
   1.3570000e+01   1.0091957e+00   1.0000000e+00
   1.3580000e+01   1.0089503e+00   1.0000000e+00
   1.3590000e+01   1.0087057e+00   1.0000000e+00
   1.3600000e+01   1.0084618e+00   1.0000000e+00
   1.3610000e+01   1.0082186e+00   1.0000000e+00
   1.3620000e+01   1.0079762e+00   1.0000000e+00
   1.3630000e+01   1.0077345e+00   1.0000000e+00
   1.3640000e+01   1.0074937e+00   1.0000000e+00
   1.3650000e+01   1.0072536e+00   1.0000000e+00
   1.3660000e+01   1.0070144e+00   1.0000000e+00
   1.3670000e+01   1.0067761e+00   1.0000000e+00
   1.3680000e+01   1.0065386e+00   1.0000000e+00
   1.3690000e+01   1.0063020e+00   1.0000000e+00
   1.3700000e+01   1.0060663e+00   1.0000000e+00
   1.3710000e+01   1.0058315e+00   1.0000000e+00
   1.3720000e+01   1.0055977e+00   1.0000000e+00
   1.3730000e+01   1.0053648e+00   1.0000000e+00
   1.3740000e+01   1.0051329e+00   1.0000000e+00
   1.3750000e+01   1.0049020e+00   1.0000000e+00
   1.3760000e+01   1.0046721e+00   1.0000000e+00
   1.3770000e+01   1.0044432e+00   1.0000000e+00
   1.3780000e+01   1.0042154e+00   1.0000000e+00
   1.3790000e+01   1.0039886e+00   1.0000000e+00
   1.3800000e+01   1.0037629e+00   1.0000000e+00
   1.3810000e+01   1.0035382e+00   1.0000000e+00
   1.3820000e+01   1.0033147e+00   1.0000000e+00
   1.3830000e+01   1.0030923e+00   1.0000000e+00
   1.3840000e+01   1.0028710e+00   1.0000000e+00
   1.3850000e+01   1.0026509e+00   1.0000000e+00
   1.3860000e+01   1.0024319e+00   1.0000000e+00
   1.3870000e+01   1.0022141e+00   1.0000000e+00
   1.3880000e+01   1.0019975e+00   1.0000000e+00
   1.3890000e+01   1.0017822e+00   1.0000000e+00
   1.3900000e+01   1.0015680e+00   1.0000000e+00
   1.3910000e+01   1.0013550e+00   1.0000000e+00
   1.3920000e+01   1.0011433e+00   1.0000000e+00
   1.3930000e+01   1.0009329e+00   1.0000000e+00
   1.3940000e+01   1.0007237e+00   1.0000000e+00
   1.3950000e+01   1.0005158e+00   1.0000000e+00
   1.3960000e+01   1.0003092e+00   1.0000000e+00
   1.3970000e+01   1.0001040e+00   1.0000000e+00
   1.3980000e+01   9.9989999e-01   1.0000000e+00
   1.3990000e+01   9.9969735e-01   1.0000000e+00
   1.4000000e+01   9.9949606e-01   1.0000000e+00
   1.4010000e+01   9.9929612e-01   1.0000000e+00
   1.4020000e+01   9.9909755e-01   1.0000000e+00
   1.4030000e+01   9.9890036e-01   1.0000000e+00
   1.4040000e+01   9.9870455e-01   1.0000000e+00
   1.4050000e+01   9.9851014e-01   1.0000000e+00
   1.4060000e+01   9.9831714e-01   1.0000000e+00
   1.4070000e+01   9.9812556e-01   1.0000000e+00
   1.4080000e+01   9.9793540e-01   1.0000000e+00
   1.4090000e+01   9.9774668e-01   1.0000000e+00
   1.4100000e+01   9.9755941e-01   1.0000000e+00
   1.4110000e+01   9.9737360e-01   1.0000000e+00
   1.4120000e+01   9.9718925e-01   1.0000000e+00
   1.4130000e+01   9.9700638e-01   1.0000000e+00
   1.4140000e+01   9.9682499e-01   1.0000000e+00
   1.4150000e+01   9.9664509e-01   1.0000000e+00
   1.4160000e+01   9.9646669e-01   1.0000000e+00
   1.4170000e+01   9.9628980e-01   1.0000000e+00
   1.4180000e+01   9.9611442e-01   1.0000000e+00
   1.4190000e+01   9.9594057e-01   1.0000000e+00
   1.4200000e+01   9.9576825e-01   1.0000000e+00
   1.4210000e+01   9.9559747e-01   1.0000000e+00
   1.4220000e+01   9.9542823e-01   1.0000000e+00
   1.4230000e+01   9.9526055e-01   1.0000000e+00
   1.4240000e+01   9.9509442e-01   1.0000000e+00
   1.4250000e+01   9.9492986e-01   1.0000000e+00
   1.4260000e+01   9.9476687e-01   1.0000000e+00
   1.4270000e+01   9.9460546e-01   1.0000000e+00
   1.4280000e+01   9.9444563e-01   1.0000000e+00
   1.4290000e+01   9.9428740e-01   1.0000000e+00
   1.4300000e+01   9.9413075e-01   1.0000000e+00
   1.4310000e+01   9.9397571e-01   1.0000000e+00
   1.4320000e+01   9.9382227e-01   1.0000000e+00
   1.4330000e+01   9.9367044e-01   1.0000000e+00
   1.4340000e+01   9.9352022e-01   1.0000000e+00
   1.4350000e+01   9.9337163e-01   1.0000000e+00
   1.4360000e+01   9.9322466e-01   1.0000000e+00
   1.4370000e+01   9.9307931e-01   1.0000000e+00
   1.4380000e+01   9.9293560e-01   1.0000000e+00
   1.4390000e+01   9.9279352e-01   1.0000000e+00
   1.4400000e+01   9.9265308e-01   1.0000000e+00
   1.4410000e+01   9.9251428e-01   1.0000000e+00
   1.4420000e+01   9.9237713e-01   1.0000000e+00
   1.4430000e+01   9.9224163e-01   1.0000000e+00
   1.4440000e+01   9.9210778e-01   1.0000000e+00
   1.4450000e+01   9.9197558e-01   1.0000000e+00
   1.4460000e+01   9.9184504e-01   1.0000000e+00
   1.4470000e+01   9.9171616e-01   1.0000000e+00
   1.4480000e+01   9.9158893e-01   1.0000000e+00
   1.4490000e+01   9.9146337e-01   1.0000000e+00
   1.4500000e+01   9.9133948e-01   1.0000000e+00
   1.4510000e+01   9.9121725e-01   1.0000000e+00
   1.4520000e+01   9.9109669e-01   1.0000000e+00
   1.4530000e+01   9.9097779e-01   1.0000000e+00
   1.4540000e+01   9.9086057e-01   1.0000000e+00
   1.4550000e+01   9.9074502e-01   1.0000000e+00
   1.4560000e+01   9.9063113e-01   1.0000000e+00
   1.4570000e+01   9.9051892e-01   1.0000000e+00
   1.4580000e+01   9.9040838e-01   1.0000000e+00
   1.4590000e+01   9.9029952e-01   1.0000000e+00
   1.4600000e+01   9.9019232e-01   1.0000000e+00
   1.4610000e+01   9.9008680e-01   1.0000000e+00
   1.4620000e+01   9.8998295e-01   1.0000000e+00
   1.4630000e+01   9.8988077e-01   1.0000000e+00
   1.4640000e+01   9.8978026e-01   1.0000000e+00
   1.4650000e+01   9.8968143e-01   1.0000000e+00
   1.4660000e+01   9.8958426e-01   1.0000000e+00
   1.4670000e+01   9.8948875e-01   1.0000000e+00
   1.4680000e+01   9.8939492e-01   1.0000000e+00
   1.4690000e+01   9.8930275e-01   1.0000000e+00
   1.4700000e+01   9.8921224e-01   1.0000000e+00
   1.4710000e+01   9.8912340e-01   1.0000000e+00
   1.4720000e+01   9.8903621e-01   1.0000000e+00
   1.4730000e+01   9.8895068e-01   1.0000000e+00
   1.4740000e+01   9.8886681e-01   1.0000000e+00
   1.4750000e+01   9.8878459e-01   1.0000000e+00
   1.4760000e+01   9.8870402e-01   1.0000000e+00
   1.4770000e+01   9.8862510e-01   1.0000000e+00
   1.4780000e+01   9.8854782e-01   1.0000000e+00
   1.4790000e+01   9.8847219e-01   1.0000000e+00
   1.4800000e+01   9.8839820e-01   1.0000000e+00
   1.4810000e+01   9.8832584e-01   1.0000000e+00
   1.4820000e+01   9.8825511e-01   1.0000000e+00
   1.4830000e+01   9.8818601e-01   1.0000000e+00
   1.4840000e+01   9.8811854e-01   1.0000000e+00
   1.4850000e+01   9.8805269e-01   1.0000000e+00
   1.4860000e+01   9.8798846e-01   1.0000000e+00
   1.4870000e+01   9.8792584e-01   1.0000000e+00
   1.4880000e+01   9.8786483e-01   1.0000000e+00
   1.4890000e+01   9.8780542e-01   1.0000000e+00
   1.4900000e+01   9.8774762e-01   1.0000000e+00
   1.4910000e+01   9.8769141e-01   1.0000000e+00
   1.4920000e+01   9.8763679e-01   1.0000000e+00
   1.4930000e+01   9.8758375e-01   1.0000000e+00
   1.4940000e+01   9.8753230e-01   1.0000000e+00
   1.4950000e+01   9.8748243e-01   1.0000000e+00
   1.4960000e+01   9.8743412e-01   1.0000000e+00
   1.4970000e+01   9.8738739e-01   1.0000000e+00
   1.4980000e+01   9.8734221e-01   1.0000000e+00
   1.4990000e+01   9.8729858e-01   1.0000000e+00
   1.5000000e+01   9.8725651e-01   1.0000000e+00
   1.5010000e+01   9.8721597e-01   1.0000000e+00
   1.5020000e+01   9.8717698e-01   1.0000000e+00
   1.5030000e+01   9.8713951e-01   1.0000000e+00
   1.5040000e+01   9.8710357e-01   1.0000000e+00
   1.5050000e+01   9.8706915e-01   1.0000000e+00
   1.5060000e+01   9.8703624e-01   1.0000000e+00
   1.5070000e+01   9.8700483e-01   1.0000000e+00
   1.5080000e+01   9.8697493e-01   1.0000000e+00
   1.5090000e+01   9.8694651e-01   1.0000000e+00
   1.5100000e+01   9.8691958e-01   1.0000000e+00
   1.5110000e+01   9.8689413e-01   1.0000000e+00
   1.5120000e+01   9.8687015e-01   1.0000000e+00
   1.5130000e+01   9.8684763e-01   1.0000000e+00
   1.5140000e+01   9.8682658e-01   1.0000000e+00
   1.5150000e+01   9.8680697e-01   1.0000000e+00
   1.5160000e+01   9.8678880e-01   1.0000000e+00
   1.5170000e+01   9.8677207e-01   1.0000000e+00
   1.5180000e+01   9.8675676e-01   1.0000000e+00
   1.5190000e+01   9.8674287e-01   1.0000000e+00
   1.5200000e+01   9.8673040e-01   1.0000000e+00
   1.5210000e+01   9.8671933e-01   1.0000000e+00
   1.5220000e+01   9.8670965e-01   1.0000000e+00
   1.5230000e+01   9.8670136e-01   1.0000000e+00
   1.5240000e+01   9.8669445e-01   1.0000000e+00
   1.5250000e+01   9.8668891e-01   1.0000000e+00
   1.5260000e+01   9.8668474e-01   1.0000000e+00
   1.5270000e+01   9.8668192e-01   1.0000000e+00
   1.5280000e+01   9.8668044e-01   1.0000000e+00
   1.5290000e+01   9.8668030e-01   1.0000000e+00
   1.5300000e+01   9.8668149e-01   1.0000000e+00
   1.5310000e+01   9.8668400e-01   1.0000000e+00
   1.5320000e+01   9.8668782e-01   1.0000000e+00
   1.5330000e+01   9.8669294e-01   1.0000000e+00
   1.5340000e+01   9.8669936e-01   1.0000000e+00
   1.5350000e+01   9.8670706e-01   1.0000000e+00
   1.5360000e+01   9.8671603e-01   1.0000000e+00
   1.5370000e+01   9.8672627e-01   1.0000000e+00
   1.5380000e+01   9.8673777e-01   1.0000000e+00
   1.5390000e+01   9.8675052e-01   1.0000000e+00
   1.5400000e+01   9.8676450e-01   1.0000000e+00
   1.5410000e+01   9.8677971e-01   1.0000000e+00
   1.5420000e+01   9.8679614e-01   1.0000000e+00
   1.5430000e+01   9.8681378e-01   1.0000000e+00
   1.5440000e+01   9.8683263e-01   1.0000000e+00
   1.5450000e+01   9.8685266e-01   1.0000000e+00
   1.5460000e+01   9.8687387e-01   1.0000000e+00
   1.5470000e+01   9.8689625e-01   1.0000000e+00
   1.5480000e+01   9.8691979e-01   1.0000000e+00
   1.5490000e+01   9.8694449e-01   1.0000000e+00
   1.5500000e+01   9.8697033e-01   1.0000000e+00
   1.5510000e+01   9.8699729e-01   1.0000000e+00
   1.5520000e+01   9.8702538e-01   1.0000000e+00
   1.5530000e+01   9.8705458e-01   1.0000000e+00
   1.5540000e+01   9.8708488e-01   1.0000000e+00
   1.5550000e+01   9.8711628e-01   1.0000000e+00
   1.5560000e+01   9.8714875e-01   1.0000000e+00
   1.5570000e+01   9.8718229e-01   1.0000000e+00
   1.5580000e+01   9.8721690e-01   1.0000000e+00
   1.5590000e+01   9.8725255e-01   1.0000000e+00
   1.5600000e+01   9.8728925e-01   1.0000000e+00
   1.5610000e+01   9.8732697e-01   1.0000000e+00
   1.5620000e+01   9.8736571e-01   1.0000000e+00
   1.5630000e+01   9.8740546e-01   1.0000000e+00
   1.5640000e+01   9.8744621e-01   1.0000000e+00
   1.5650000e+01   9.8748794e-01   1.0000000e+00
   1.5660000e+01   9.8753065e-01   1.0000000e+00
   1.5670000e+01   9.8757433e-01   1.0000000e+00
   1.5680000e+01   9.8761897e-01   1.0000000e+00
   1.5690000e+01   9.8766454e-01   1.0000000e+00
   1.5700000e+01   9.8771106e-01   1.0000000e+00
   1.5710000e+01   9.8775849e-01   1.0000000e+00
   1.5720000e+01   9.8780684e-01   1.0000000e+00
   1.5730000e+01   9.8785609e-01   1.0000000e+00
   1.5740000e+01   9.8790624e-01   1.0000000e+00
   1.5750000e+01   9.8795726e-01   1.0000000e+00
   1.5760000e+01   9.8800915e-01   1.0000000e+00
   1.5770000e+01   9.8806190e-01   1.0000000e+00
   1.5780000e+01   9.8811550e-01   1.0000000e+00
   1.5790000e+01   9.8816994e-01   1.0000000e+00
   1.5800000e+01   9.8822520e-01   1.0000000e+00
   1.5810000e+01   9.8828128e-01   1.0000000e+00
   1.5820000e+01   9.8833817e-01   1.0000000e+00
   1.5830000e+01   9.8839584e-01   1.0000000e+00
   1.5840000e+01   9.8845431e-01   1.0000000e+00
   1.5850000e+01   9.8851354e-01   1.0000000e+00
   1.5860000e+01   9.8857353e-01   1.0000000e+00
   1.5870000e+01   9.8863428e-01   1.0000000e+00
   1.5880000e+01   9.8869576e-01   1.0000000e+00
   1.5890000e+01   9.8875797e-01   1.0000000e+00
   1.5900000e+01   9.8882090e-01   1.0000000e+00
   1.5910000e+01   9.8888454e-01   1.0000000e+00
   1.5920000e+01   9.8894887e-01   1.0000000e+00
   1.5930000e+01   9.8901389e-01   1.0000000e+00
   1.5940000e+01   9.8907958e-01   1.0000000e+00
   1.5950000e+01   9.8914593e-01   1.0000000e+00
   1.5960000e+01   9.8921293e-01   1.0000000e+00
   1.5970000e+01   9.8928058e-01   1.0000000e+00
   1.5980000e+01   9.8934886e-01   1.0000000e+00
   1.5990000e+01   9.8941775e-01   1.0000000e+00
   1.6000000e+01   9.8948726e-01   1.0000000e+00
   1.6010000e+01   9.8955736e-01   1.0000000e+00
   1.6020000e+01   9.8962805e-01   1.0000000e+00
   1.6030000e+01   9.8969931e-01   1.0000000e+00
   1.6040000e+01   9.8977114e-01   1.0000000e+00
   1.6050000e+01   9.8984352e-01   1.0000000e+00
   1.6060000e+01   9.8991645e-01   1.0000000e+00
   1.6070000e+01   9.8998991e-01   1.0000000e+00
   1.6080000e+01   9.9006389e-01   1.0000000e+00
   1.6090000e+01   9.9013838e-01   1.0000000e+00
   1.6100000e+01   9.9021337e-01   1.0000000e+00
   1.6110000e+01   9.9028886e-01   1.0000000e+00
   1.6120000e+01   9.9036482e-01   1.0000000e+00
   1.6130000e+01   9.9044125e-01   1.0000000e+00
   1.6140000e+01   9.9051813e-01   1.0000000e+00
   1.6150000e+01   9.9059547e-01   1.0000000e+00
   1.6160000e+01   9.9067324e-01   1.0000000e+00
   1.6170000e+01   9.9075143e-01   1.0000000e+00
   1.6180000e+01   9.9083004e-01   1.0000000e+00
   1.6190000e+01   9.9090906e-01   1.0000000e+00
   1.6200000e+01   9.9098847e-01   1.0000000e+00
   1.6210000e+01   9.9106826e-01   1.0000000e+00
   1.6220000e+01   9.9114843e-01   1.0000000e+00
   1.6230000e+01   9.9122896e-01   1.0000000e+00
   1.6240000e+01   9.9130984e-01   1.0000000e+00
   1.6250000e+01   9.9139107e-01   1.0000000e+00
   1.6260000e+01   9.9147262e-01   1.0000000e+00
   1.6270000e+01   9.9155450e-01   1.0000000e+00
   1.6280000e+01   9.9163669e-01   1.0000000e+00
   1.6290000e+01   9.9171918e-01   1.0000000e+00
   1.6300000e+01   9.9180196e-01   1.0000000e+00
   1.6310000e+01   9.9188503e-01   1.0000000e+00
   1.6320000e+01   9.9196836e-01   1.0000000e+00
   1.6330000e+01   9.9205195e-01   1.0000000e+00
   1.6340000e+01   9.9213580e-01   1.0000000e+00
   1.6350000e+01   9.9221988e-01   1.0000000e+00
   1.6360000e+01   9.9230420e-01   1.0000000e+00
   1.6370000e+01   9.9238873e-01   1.0000000e+00
   1.6380000e+01   9.9247348e-01   1.0000000e+00
   1.6390000e+01   9.9255843e-01   1.0000000e+00
   1.6400000e+01   9.9264357e-01   1.0000000e+00
   1.6410000e+01   9.9272889e-01   1.0000000e+00
   1.6420000e+01   9.9281438e-01   1.0000000e+00
   1.6430000e+01   9.9290004e-01   1.0000000e+00
   1.6440000e+01   9.9298585e-01   1.0000000e+00
   1.6450000e+01   9.9307180e-01   1.0000000e+00
   1.6460000e+01   9.9315788e-01   1.0000000e+00
   1.6470000e+01   9.9324409e-01   1.0000000e+00
   1.6480000e+01   9.9333042e-01   1.0000000e+00
   1.6490000e+01   9.9341685e-01   1.0000000e+00
   1.6500000e+01   9.9350337e-01   1.0000000e+00
   1.6510000e+01   9.9358999e-01   1.0000000e+00
   1.6520000e+01   9.9367668e-01   1.0000000e+00
   1.6530000e+01   9.9376344e-01   1.0000000e+00
   1.6540000e+01   9.9385026e-01   1.0000000e+00
   1.6550000e+01   9.9393713e-01   1.0000000e+00
   1.6560000e+01   9.9402404e-01   1.0000000e+00
   1.6570000e+01   9.9411098e-01   1.0000000e+00
   1.6580000e+01   9.9419795e-01   1.0000000e+00
   1.6590000e+01   9.9428493e-01   1.0000000e+00
   1.6600000e+01   9.9437192e-01   1.0000000e+00
   1.6610000e+01   9.9445890e-01   1.0000000e+00
   1.6620000e+01   9.9454588e-01   1.0000000e+00
   1.6630000e+01   9.9463283e-01   1.0000000e+00
   1.6640000e+01   9.9471976e-01   1.0000000e+00
   1.6650000e+01   9.9480665e-01   1.0000000e+00
   1.6660000e+01   9.9489349e-01   1.0000000e+00
   1.6670000e+01   9.9498028e-01   1.0000000e+00
   1.6680000e+01   9.9506701e-01   1.0000000e+00
   1.6690000e+01   9.9515367e-01   1.0000000e+00
   1.6700000e+01   9.9524025e-01   1.0000000e+00
   1.6710000e+01   9.9532674e-01   1.0000000e+00
   1.6720000e+01   9.9541314e-01   1.0000000e+00
   1.6730000e+01   9.9549943e-01   1.0000000e+00
   1.6740000e+01   9.9558562e-01   1.0000000e+00
   1.6750000e+01   9.9567169e-01   1.0000000e+00
   1.6760000e+01   9.9575763e-01   1.0000000e+00
   1.6770000e+01   9.9584343e-01   1.0000000e+00
   1.6780000e+01   9.9592910e-01   1.0000000e+00
   1.6790000e+01   9.9601462e-01   1.0000000e+00
   1.6800000e+01   9.9609998e-01   1.0000000e+00
   1.6810000e+01   9.9618517e-01   1.0000000e+00
   1.6820000e+01   9.9627019e-01   1.0000000e+00
   1.6830000e+01   9.9635504e-01   1.0000000e+00
   1.6840000e+01   9.9643970e-01   1.0000000e+00
   1.6850000e+01   9.9652416e-01   1.0000000e+00
   1.6860000e+01   9.9660842e-01   1.0000000e+00
   1.6870000e+01   9.9669248e-01   1.0000000e+00
   1.6880000e+01   9.9677632e-01   1.0000000e+00
   1.6890000e+01   9.9685994e-01   1.0000000e+00
   1.6900000e+01   9.9694333e-01   1.0000000e+00
   1.6910000e+01   9.9702648e-01   1.0000000e+00
   1.6920000e+01   9.9710939e-01   1.0000000e+00
   1.6930000e+01   9.9719206e-01   1.0000000e+00
   1.6940000e+01   9.9727446e-01   1.0000000e+00
   1.6950000e+01   9.9735661e-01   1.0000000e+00
   1.6960000e+01   9.9743848e-01   1.0000000e+00
   1.6970000e+01   9.9752009e-01   1.0000000e+00
   1.6980000e+01   9.9760140e-01   1.0000000e+00
   1.6990000e+01   9.9768244e-01   1.0000000e+00
   1.7000000e+01   9.9776317e-01   1.0000000e+00
   1.7010000e+01   9.9784361e-01   1.0000000e+00
   1.7020000e+01   9.9792374e-01   1.0000000e+00
   1.7030000e+01   9.9800356e-01   1.0000000e+00
   1.7040000e+01   9.9808306e-01   1.0000000e+00
   1.7050000e+01   9.9816224e-01   1.0000000e+00
   1.7060000e+01   9.9824109e-01   1.0000000e+00
   1.7070000e+01   9.9831960e-01   1.0000000e+00
   1.7080000e+01   9.9839777e-01   1.0000000e+00
   1.7090000e+01   9.9847559e-01   1.0000000e+00
   1.7100000e+01   9.9855307e-01   1.0000000e+00
   1.7110000e+01   9.9863018e-01   1.0000000e+00
   1.7120000e+01   9.9870693e-01   1.0000000e+00
   1.7130000e+01   9.9878331e-01   1.0000000e+00
   1.7140000e+01   9.9885932e-01   1.0000000e+00
   1.7150000e+01   9.9893495e-01   1.0000000e+00
   1.7160000e+01   9.9901020e-01   1.0000000e+00
   1.7170000e+01   9.9908505e-01   1.0000000e+00
   1.7180000e+01   9.9915952e-01   1.0000000e+00
   1.7190000e+01   9.9923358e-01   1.0000000e+00
   1.7200000e+01   9.9930724e-01   1.0000000e+00
   1.7210000e+01   9.9938050e-01   1.0000000e+00
   1.7220000e+01   9.9945334e-01   1.0000000e+00
   1.7230000e+01   9.9952576e-01   1.0000000e+00
   1.7240000e+01   9.9959776e-01   1.0000000e+00
   1.7250000e+01   9.9966934e-01   1.0000000e+00
   1.7260000e+01   9.9974048e-01   1.0000000e+00
   1.7270000e+01   9.9981119e-01   1.0000000e+00
   1.7280000e+01   9.9988146e-01   1.0000000e+00
   1.7290000e+01   9.9995128e-01   1.0000000e+00
   1.7300000e+01   1.0000207e+00   1.0000000e+00
   1.7310000e+01   1.0000896e+00   1.0000000e+00
   1.7320000e+01   1.0001581e+00   1.0000000e+00
   1.7330000e+01   1.0002261e+00   1.0000000e+00
   1.7340000e+01   1.0002936e+00   1.0000000e+00
   1.7350000e+01   1.0003607e+00   1.0000000e+00
   1.7360000e+01   1.0004273e+00   1.0000000e+00
   1.7370000e+01   1.0004935e+00   1.0000000e+00
   1.7380000e+01   1.0005591e+00   1.0000000e+00
   1.7390000e+01   1.0006243e+00   1.0000000e+00
   1.7400000e+01   1.0006890e+00   1.0000000e+00
   1.7410000e+01   1.0007532e+00   1.0000000e+00
   1.7420000e+01   1.0008169e+00   1.0000000e+00
   1.7430000e+01   1.0008801e+00   1.0000000e+00
   1.7440000e+01   1.0009428e+00   1.0000000e+00
   1.7450000e+01   1.0010051e+00   1.0000000e+00
   1.7460000e+01   1.0010668e+00   1.0000000e+00
   1.7470000e+01   1.0011280e+00   1.0000000e+00
   1.7480000e+01   1.0011887e+00   1.0000000e+00
   1.7490000e+01   1.0012489e+00   1.0000000e+00
   1.7500000e+01   1.0013086e+00   1.0000000e+00
   1.7510000e+01   1.0013677e+00   1.0000000e+00
   1.7520000e+01   1.0014264e+00   1.0000000e+00
   1.7530000e+01   1.0014845e+00   1.0000000e+00
   1.7540000e+01   1.0015421e+00   1.0000000e+00
   1.7550000e+01   1.0015992e+00   1.0000000e+00
   1.7560000e+01   1.0016557e+00   1.0000000e+00
   1.7570000e+01   1.0017117e+00   1.0000000e+00
   1.7580000e+01   1.0017672e+00   1.0000000e+00
   1.7590000e+01   1.0018221e+00   1.0000000e+00
   1.7600000e+01   1.0018765e+00   1.0000000e+00
   1.7610000e+01   1.0019304e+00   1.0000000e+00
   1.7620000e+01   1.0019837e+00   1.0000000e+00
   1.7630000e+01   1.0020365e+00   1.0000000e+00
   1.7640000e+01   1.0020887e+00   1.0000000e+00
   1.7650000e+01   1.0021404e+00   1.0000000e+00
   1.7660000e+01   1.0021915e+00   1.0000000e+00
   1.7670000e+01   1.0022421e+00   1.0000000e+00
   1.7680000e+01   1.0022922e+00   1.0000000e+00
   1.7690000e+01   1.0023416e+00   1.0000000e+00
   1.7700000e+01   1.0023906e+00   1.0000000e+00
   1.7710000e+01   1.0024389e+00   1.0000000e+00
   1.7720000e+01   1.0024868e+00   1.0000000e+00
   1.7730000e+01   1.0025340e+00   1.0000000e+00
   1.7740000e+01   1.0025807e+00   1.0000000e+00
   1.7750000e+01   1.0026269e+00   1.0000000e+00
   1.7760000e+01   1.0026724e+00   1.0000000e+00
   1.7770000e+01   1.0027175e+00   1.0000000e+00
   1.7780000e+01   1.0027619e+00   1.0000000e+00
   1.7790000e+01   1.0028058e+00   1.0000000e+00
   1.7800000e+01   1.0028491e+00   1.0000000e+00
   1.7810000e+01   1.0028919e+00   1.0000000e+00
   1.7820000e+01   1.0029341e+00   1.0000000e+00
   1.7830000e+01   1.0029757e+00   1.0000000e+00
   1.7840000e+01   1.0030168e+00   1.0000000e+00
   1.7850000e+01   1.0030573e+00   1.0000000e+00
   1.7860000e+01   1.0030972e+00   1.0000000e+00
   1.7870000e+01   1.0031366e+00   1.0000000e+00
   1.7880000e+01   1.0031754e+00   1.0000000e+00
   1.7890000e+01   1.0032136e+00   1.0000000e+00
   1.7900000e+01   1.0032513e+00   1.0000000e+00
   1.7910000e+01   1.0032884e+00   1.0000000e+00
   1.7920000e+01   1.0033249e+00   1.0000000e+00
   1.7930000e+01   1.0033609e+00   1.0000000e+00
   1.7940000e+01   1.0033963e+00   1.0000000e+00
   1.7950000e+01   1.0034311e+00   1.0000000e+00
   1.7960000e+01   1.0034653e+00   1.0000000e+00
   1.7970000e+01   1.0034990e+00   1.0000000e+00
   1.7980000e+01   1.0035321e+00   1.0000000e+00
   1.7990000e+01   1.0035647e+00   1.0000000e+00
   1.8000000e+01   1.0035967e+00   1.0000000e+00
   1.8010000e+01   1.0036281e+00   1.0000000e+00
   1.8020000e+01   1.0036590e+00   1.0000000e+00
   1.8030000e+01   1.0036893e+00   1.0000000e+00
   1.8040000e+01   1.0037190e+00   1.0000000e+00
   1.8050000e+01   1.0037481e+00   1.0000000e+00
   1.8060000e+01   1.0037767e+00   1.0000000e+00
   1.8070000e+01   1.0038048e+00   1.0000000e+00
   1.8080000e+01   1.0038323e+00   1.0000000e+00
   1.8090000e+01   1.0038592e+00   1.0000000e+00
   1.8100000e+01   1.0038855e+00   1.0000000e+00
   1.8110000e+01   1.0039113e+00   1.0000000e+00
   1.8120000e+01   1.0039366e+00   1.0000000e+00
   1.8130000e+01   1.0039613e+00   1.0000000e+00
   1.8140000e+01   1.0039854e+00   1.0000000e+00
   1.8150000e+01   1.0040090e+00   1.0000000e+00
   1.8160000e+01   1.0040320e+00   1.0000000e+00
   1.8170000e+01   1.0040545e+00   1.0000000e+00
   1.8180000e+01   1.0040764e+00   1.0000000e+00
   1.8190000e+01   1.0040978e+00   1.0000000e+00
   1.8200000e+01   1.0041186e+00   1.0000000e+00
   1.8210000e+01   1.0041389e+00   1.0000000e+00
   1.8220000e+01   1.0041587e+00   1.0000000e+00
   1.8230000e+01   1.0041779e+00   1.0000000e+00
   1.8240000e+01   1.0041965e+00   1.0000000e+00
   1.8250000e+01   1.0042146e+00   1.0000000e+00
   1.8260000e+01   1.0042322e+00   1.0000000e+00
   1.8270000e+01   1.0042493e+00   1.0000000e+00
   1.8280000e+01   1.0042658e+00   1.0000000e+00
   1.8290000e+01   1.0042818e+00   1.0000000e+00
   1.8300000e+01   1.0042972e+00   1.0000000e+00
   1.8310000e+01   1.0043121e+00   1.0000000e+00
   1.8320000e+01   1.0043265e+00   1.0000000e+00
   1.8330000e+01   1.0043404e+00   1.0000000e+00
   1.8340000e+01   1.0043538e+00   1.0000000e+00
   1.8350000e+01   1.0043666e+00   1.0000000e+00
   1.8360000e+01   1.0043789e+00   1.0000000e+00
   1.8370000e+01   1.0043907e+00   1.0000000e+00
   1.8380000e+01   1.0044020e+00   1.0000000e+00
   1.8390000e+01   1.0044127e+00   1.0000000e+00
   1.8400000e+01   1.0044230e+00   1.0000000e+00
   1.8410000e+01   1.0044327e+00   1.0000000e+00
   1.8420000e+01   1.0044420e+00   1.0000000e+00
   1.8430000e+01   1.0044507e+00   1.0000000e+00
   1.8440000e+01   1.0044590e+00   1.0000000e+00
   1.8450000e+01   1.0044667e+00   1.0000000e+00
   1.8460000e+01   1.0044740e+00   1.0000000e+00
   1.8470000e+01   1.0044807e+00   1.0000000e+00
   1.8480000e+01   1.0044870e+00   1.0000000e+00
   1.8490000e+01   1.0044928e+00   1.0000000e+00
   1.8500000e+01   1.0044981e+00   1.0000000e+00
   1.8510000e+01   1.0045029e+00   1.0000000e+00
   1.8520000e+01   1.0045072e+00   1.0000000e+00
   1.8530000e+01   1.0045111e+00   1.0000000e+00
   1.8540000e+01   1.0045144e+00   1.0000000e+00
   1.8550000e+01   1.0045173e+00   1.0000000e+00
   1.8560000e+01   1.0045198e+00   1.0000000e+00
   1.8570000e+01   1.0045217e+00   1.0000000e+00
   1.8580000e+01   1.0045233e+00   1.0000000e+00
   1.8590000e+01   1.0045243e+00   1.0000000e+00
   1.8600000e+01   1.0045249e+00   1.0000000e+00
   1.8610000e+01   1.0045250e+00   1.0000000e+00
   1.8620000e+01   1.0045247e+00   1.0000000e+00
   1.8630000e+01   1.0045239e+00   1.0000000e+00
   1.8640000e+01   1.0045227e+00   1.0000000e+00
   1.8650000e+01   1.0045211e+00   1.0000000e+00
   1.8660000e+01   1.0045190e+00   1.0000000e+00
   1.8670000e+01   1.0045164e+00   1.0000000e+00
   1.8680000e+01   1.0045135e+00   1.0000000e+00
   1.8690000e+01   1.0045101e+00   1.0000000e+00
   1.8700000e+01   1.0045063e+00   1.0000000e+00
   1.8710000e+01   1.0045020e+00   1.0000000e+00
   1.8720000e+01   1.0044973e+00   1.0000000e+00
   1.8730000e+01   1.0044923e+00   1.0000000e+00
   1.8740000e+01   1.0044868e+00   1.0000000e+00
   1.8750000e+01   1.0044808e+00   1.0000000e+00
   1.8760000e+01   1.0044745e+00   1.0000000e+00
   1.8770000e+01   1.0044678e+00   1.0000000e+00
   1.8780000e+01   1.0044607e+00   1.0000000e+00
   1.8790000e+01   1.0044531e+00   1.0000000e+00
   1.8800000e+01   1.0044452e+00   1.0000000e+00
   1.8810000e+01   1.0044369e+00   1.0000000e+00
   1.8820000e+01   1.0044282e+00   1.0000000e+00
   1.8830000e+01   1.0044191e+00   1.0000000e+00
   1.8840000e+01   1.0044096e+00   1.0000000e+00
   1.8850000e+01   1.0043998e+00   1.0000000e+00
   1.8860000e+01   1.0043896e+00   1.0000000e+00
   1.8870000e+01   1.0043790e+00   1.0000000e+00
   1.8880000e+01   1.0043680e+00   1.0000000e+00
   1.8890000e+01   1.0043567e+00   1.0000000e+00
   1.8900000e+01   1.0043450e+00   1.0000000e+00
   1.8910000e+01   1.0043330e+00   1.0000000e+00
   1.8920000e+01   1.0043206e+00   1.0000000e+00
   1.8930000e+01   1.0043078e+00   1.0000000e+00
   1.8940000e+01   1.0042947e+00   1.0000000e+00
   1.8950000e+01   1.0042813e+00   1.0000000e+00
   1.8960000e+01   1.0042675e+00   1.0000000e+00
   1.8970000e+01   1.0042534e+00   1.0000000e+00
   1.8980000e+01   1.0042389e+00   1.0000000e+00
   1.8990000e+01   1.0042242e+00   1.0000000e+00
   1.9000000e+01   1.0042091e+00   1.0000000e+00
   1.9010000e+01   1.0041936e+00   1.0000000e+00
   1.9020000e+01   1.0041779e+00   1.0000000e+00
   1.9030000e+01   1.0041618e+00   1.0000000e+00
   1.9040000e+01   1.0041455e+00   1.0000000e+00
   1.9050000e+01   1.0041288e+00   1.0000000e+00
   1.9060000e+01   1.0041118e+00   1.0000000e+00
   1.9070000e+01   1.0040946e+00   1.0000000e+00
   1.9080000e+01   1.0040770e+00   1.0000000e+00
   1.9090000e+01   1.0040591e+00   1.0000000e+00
   1.9100000e+01   1.0040410e+00   1.0000000e+00
   1.9110000e+01   1.0040225e+00   1.0000000e+00
   1.9120000e+01   1.0040038e+00   1.0000000e+00
   1.9130000e+01   1.0039848e+00   1.0000000e+00
   1.9140000e+01   1.0039655e+00   1.0000000e+00
   1.9150000e+01   1.0039460e+00   1.0000000e+00
   1.9160000e+01   1.0039262e+00   1.0000000e+00
   1.9170000e+01   1.0039061e+00   1.0000000e+00
   1.9180000e+01   1.0038858e+00   1.0000000e+00
   1.9190000e+01   1.0038652e+00   1.0000000e+00
   1.9200000e+01   1.0038443e+00   1.0000000e+00
   1.9210000e+01   1.0038233e+00   1.0000000e+00
   1.9220000e+01   1.0038019e+00   1.0000000e+00
   1.9230000e+01   1.0037804e+00   1.0000000e+00
   1.9240000e+01   1.0037585e+00   1.0000000e+00
   1.9250000e+01   1.0037365e+00   1.0000000e+00
   1.9260000e+01   1.0037142e+00   1.0000000e+00
   1.9270000e+01   1.0036917e+00   1.0000000e+00
   1.9280000e+01   1.0036690e+00   1.0000000e+00
   1.9290000e+01   1.0036461e+00   1.0000000e+00
   1.9300000e+01   1.0036229e+00   1.0000000e+00
   1.9310000e+01   1.0035996e+00   1.0000000e+00
   1.9320000e+01   1.0035760e+00   1.0000000e+00
   1.9330000e+01   1.0035522e+00   1.0000000e+00
   1.9340000e+01   1.0035282e+00   1.0000000e+00
   1.9350000e+01   1.0035041e+00   1.0000000e+00
   1.9360000e+01   1.0034797e+00   1.0000000e+00
   1.9370000e+01   1.0034551e+00   1.0000000e+00
   1.9380000e+01   1.0034304e+00   1.0000000e+00
   1.9390000e+01   1.0034055e+00   1.0000000e+00
   1.9400000e+01   1.0033804e+00   1.0000000e+00
   1.9410000e+01   1.0033551e+00   1.0000000e+00
   1.9420000e+01   1.0033297e+00   1.0000000e+00
   1.9430000e+01   1.0033040e+00   1.0000000e+00
   1.9440000e+01   1.0032783e+00   1.0000000e+00
   1.9450000e+01   1.0032523e+00   1.0000000e+00
   1.9460000e+01   1.0032262e+00   1.0000000e+00
   1.9470000e+01   1.0032000e+00   1.0000000e+00
   1.9480000e+01   1.0031736e+00   1.0000000e+00
   1.9490000e+01   1.0031471e+00   1.0000000e+00
   1.9500000e+01   1.0031204e+00   1.0000000e+00
   1.9510000e+01   1.0030936e+00   1.0000000e+00
   1.9520000e+01   1.0030666e+00   1.0000000e+00
   1.9530000e+01   1.0030395e+00   1.0000000e+00
   1.9540000e+01   1.0030123e+00   1.0000000e+00
   1.9550000e+01   1.0029850e+00   1.0000000e+00
   1.9560000e+01   1.0029575e+00   1.0000000e+00
   1.9570000e+01   1.0029300e+00   1.0000000e+00
   1.9580000e+01   1.0029023e+00   1.0000000e+00
   1.9590000e+01   1.0028745e+00   1.0000000e+00
   1.9600000e+01   1.0028466e+00   1.0000000e+00
   1.9610000e+01   1.0028186e+00   1.0000000e+00
   1.9620000e+01   1.0027905e+00   1.0000000e+00
   1.9630000e+01   1.0027623e+00   1.0000000e+00
   1.9640000e+01   1.0027340e+00   1.0000000e+00
   1.9650000e+01   1.0027056e+00   1.0000000e+00
   1.9660000e+01   1.0026771e+00   1.0000000e+00
   1.9670000e+01   1.0026486e+00   1.0000000e+00
   1.9680000e+01   1.0026200e+00   1.0000000e+00
   1.9690000e+01   1.0025913e+00   1.0000000e+00
   1.9700000e+01   1.0025625e+00   1.0000000e+00
   1.9710000e+01   1.0025336e+00   1.0000000e+00
   1.9720000e+01   1.0025047e+00   1.0000000e+00
   1.9730000e+01   1.0024757e+00   1.0000000e+00
   1.9740000e+01   1.0024467e+00   1.0000000e+00
   1.9750000e+01   1.0024176e+00   1.0000000e+00
   1.9760000e+01   1.0023885e+00   1.0000000e+00
   1.9770000e+01   1.0023593e+00   1.0000000e+00
   1.9780000e+01   1.0023301e+00   1.0000000e+00
   1.9790000e+01   1.0023008e+00   1.0000000e+00
   1.9800000e+01   1.0022715e+00   1.0000000e+00
   1.9810000e+01   1.0022421e+00   1.0000000e+00
   1.9820000e+01   1.0022127e+00   1.0000000e+00
   1.9830000e+01   1.0021833e+00   1.0000000e+00
   1.9840000e+01   1.0021539e+00   1.0000000e+00
   1.9850000e+01   1.0021244e+00   1.0000000e+00
   1.9860000e+01   1.0020949e+00   1.0000000e+00
   1.9870000e+01   1.0020654e+00   1.0000000e+00
   1.9880000e+01   1.0020359e+00   1.0000000e+00
   1.9890000e+01   1.0020063e+00   1.0000000e+00
   1.9900000e+01   1.0019768e+00   1.0000000e+00
   1.9910000e+01   1.0019472e+00   1.0000000e+00
   1.9920000e+01   1.0019177e+00   1.0000000e+00
   1.9930000e+01   1.0018881e+00   1.0000000e+00
   1.9940000e+01   1.0018586e+00   1.0000000e+00
   1.9950000e+01   1.0018290e+00   1.0000000e+00
   1.9960000e+01   1.0017995e+00   1.0000000e+00
   1.9970000e+01   1.0017700e+00   1.0000000e+00
   1.9980000e+01   1.0017405e+00   1.0000000e+00
   1.9990000e+01   1.0017110e+00   1.0000000e+00
   2.0000000e+01   1.0016815e+00   1.0000000e+00
