   0.0000000e+00   0.0000000e+00   0.0000000e+00
   1.0000000e-02   0.0000000e+00   0.0000000e+00
   2.0000000e-02   0.0000000e+00   0.0000000e+00
   3.0000000e-02   0.0000000e+00   0.0000000e+00
   4.0000000e-02   0.0000000e+00   0.0000000e+00
   5.0000000e-02   0.0000000e+00   0.0000000e+00
   6.0000000e-02   0.0000000e+00   0.0000000e+00
   7.0000000e-02   0.0000000e+00   0.0000000e+00
   8.0000000e-02   0.0000000e+00   0.0000000e+00
   9.0000000e-02   0.0000000e+00   0.0000000e+00
   1.0000000e-01   0.0000000e+00   0.0000000e+00
   1.1000000e-01   0.0000000e+00   0.0000000e+00
   1.2000000e-01   0.0000000e+00   0.0000000e+00
   1.3000000e-01   0.0000000e+00   0.0000000e+00
   1.4000000e-01   0.0000000e+00   0.0000000e+00
   1.5000000e-01   0.0000000e+00   0.0000000e+00
   1.6000000e-01   0.0000000e+00   0.0000000e+00
   1.7000000e-01   0.0000000e+00   0.0000000e+00
   1.8000000e-01   0.0000000e+00   0.0000000e+00
   1.9000000e-01   0.0000000e+00   0.0000000e+00
   2.0000000e-01   0.0000000e+00   0.0000000e+00
   2.1000000e-01   0.0000000e+00   0.0000000e+00
   2.2000000e-01   0.0000000e+00   0.0000000e+00
   2.3000000e-01   0.0000000e+00   0.0000000e+00
   2.4000000e-01   0.0000000e+00   0.0000000e+00
   2.5000000e-01   0.0000000e+00   0.0000000e+00
   2.6000000e-01   0.0000000e+00   0.0000000e+00
   2.7000000e-01   0.0000000e+00   0.0000000e+00
   2.8000000e-01   0.0000000e+00   0.0000000e+00
   2.9000000e-01   0.0000000e+00   0.0000000e+00
   3.0000000e-01   0.0000000e+00   0.0000000e+00
   3.1000000e-01   0.0000000e+00   0.0000000e+00
   3.2000000e-01   0.0000000e+00   0.0000000e+00
   3.3000000e-01   0.0000000e+00   0.0000000e+00
   3.4000000e-01   0.0000000e+00   0.0000000e+00
   3.5000000e-01   0.0000000e+00   0.0000000e+00
   3.6000000e-01   0.0000000e+00   0.0000000e+00
   3.7000000e-01   0.0000000e+00   0.0000000e+00
   3.8000000e-01   0.0000000e+00   0.0000000e+00
   3.9000000e-01   0.0000000e+00   0.0000000e+00
   4.0000000e-01   0.0000000e+00   0.0000000e+00
   4.1000000e-01   0.0000000e+00   0.0000000e+00
   4.2000000e-01   0.0000000e+00   0.0000000e+00
   4.3000000e-01   0.0000000e+00   0.0000000e+00
   4.4000000e-01   0.0000000e+00   0.0000000e+00
   4.5000000e-01   0.0000000e+00   0.0000000e+00
   4.6000000e-01   0.0000000e+00   0.0000000e+00
   4.7000000e-01   0.0000000e+00   0.0000000e+00
   4.8000000e-01   0.0000000e+00   0.0000000e+00
   4.9000000e-01   0.0000000e+00   0.0000000e+00
   5.0000000e-01   0.0000000e+00   0.0000000e+00
   5.1000000e-01   0.0000000e+00   0.0000000e+00
   5.2000000e-01   0.0000000e+00   0.0000000e+00
   5.3000000e-01   0.0000000e+00   0.0000000e+00
   5.4000000e-01   0.0000000e+00   0.0000000e+00
   5.5000000e-01   0.0000000e+00   0.0000000e+00
   5.6000000e-01   0.0000000e+00   0.0000000e+00
   5.7000000e-01   0.0000000e+00   0.0000000e+00
   5.8000000e-01   0.0000000e+00   0.0000000e+00
   5.9000000e-01   0.0000000e+00   0.0000000e+00
   6.0000000e-01   0.0000000e+00   0.0000000e+00
   6.1000000e-01   0.0000000e+00   0.0000000e+00
   6.2000000e-01   0.0000000e+00   0.0000000e+00
   6.3000000e-01   0.0000000e+00   0.0000000e+00
   6.4000000e-01   0.0000000e+00   0.0000000e+00
   6.5000000e-01   0.0000000e+00   0.0000000e+00
   6.6000000e-01   0.0000000e+00   0.0000000e+00
   6.7000000e-01   0.0000000e+00   0.0000000e+00
   6.8000000e-01   0.0000000e+00   0.0000000e+00
   6.9000000e-01   0.0000000e+00   0.0000000e+00
   7.0000000e-01   0.0000000e+00   0.0000000e+00
   7.1000000e-01   0.0000000e+00   0.0000000e+00
   7.2000000e-01   0.0000000e+00   0.0000000e+00
   7.3000000e-01   0.0000000e+00   0.0000000e+00
   7.4000000e-01   0.0000000e+00   0.0000000e+00
   7.5000000e-01   0.0000000e+00   0.0000000e+00
   7.6000000e-01   0.0000000e+00   0.0000000e+00
   7.7000000e-01   0.0000000e+00   0.0000000e+00
   7.8000000e-01   0.0000000e+00   0.0000000e+00
   7.9000000e-01   0.0000000e+00   0.0000000e+00
   8.0000000e-01   0.0000000e+00   0.0000000e+00
   8.1000000e-01   0.0000000e+00   0.0000000e+00
   8.2000000e-01   0.0000000e+00   0.0000000e+00
   8.3000000e-01   0.0000000e+00   0.0000000e+00
   8.4000000e-01   0.0000000e+00   0.0000000e+00
   8.5000000e-01   0.0000000e+00   0.0000000e+00
   8.6000000e-01   0.0000000e+00   0.0000000e+00
   8.7000000e-01   0.0000000e+00   0.0000000e+00
   8.8000000e-01   0.0000000e+00   0.0000000e+00
   8.9000000e-01   0.0000000e+00   0.0000000e+00
   9.0000000e-01   0.0000000e+00   0.0000000e+00
   9.1000000e-01   0.0000000e+00   0.0000000e+00
   9.2000000e-01   0.0000000e+00   0.0000000e+00
   9.3000000e-01   0.0000000e+00   0.0000000e+00
   9.4000000e-01   0.0000000e+00   0.0000000e+00
   9.5000000e-01   0.0000000e+00   0.0000000e+00
   9.6000000e-01   0.0000000e+00   0.0000000e+00
   9.7000000e-01   0.0000000e+00   0.0000000e+00
   9.8000000e-01   0.0000000e+00   0.0000000e+00
   9.9000000e-01   0.0000000e+00   0.0000000e+00
   1.0000000e+00   0.0000000e+00   1.0000000e+00
   1.0100000e+00   0.0000000e+00   1.0000000e+00
   1.0200000e+00   0.0000000e+00   1.0000000e+00
   1.0300000e+00   0.0000000e+00   1.0000000e+00
   1.0400000e+00   0.0000000e+00   1.0000000e+00
   1.0500000e+00   0.0000000e+00   1.0000000e+00
   1.0600000e+00   0.0000000e+00   1.0000000e+00
   1.0700000e+00   0.0000000e+00   1.0000000e+00
   1.0800000e+00   0.0000000e+00   1.0000000e+00
   1.0900000e+00   0.0000000e+00   1.0000000e+00
   1.1000000e+00   0.0000000e+00   1.0000000e+00
   1.1100000e+00   0.0000000e+00   1.0000000e+00
   1.1200000e+00   0.0000000e+00   1.0000000e+00
   1.1300000e+00   0.0000000e+00   1.0000000e+00
   1.1400000e+00   0.0000000e+00   1.0000000e+00
   1.1500000e+00   0.0000000e+00   1.0000000e+00
   1.1600000e+00   0.0000000e+00   1.0000000e+00
   1.1700000e+00   0.0000000e+00   1.0000000e+00
   1.1800000e+00   0.0000000e+00   1.0000000e+00
   1.1900000e+00   0.0000000e+00   1.0000000e+00
   1.2000000e+00   0.0000000e+00   1.0000000e+00
   1.2100000e+00   0.0000000e+00   1.0000000e+00
   1.2200000e+00   0.0000000e+00   1.0000000e+00
   1.2300000e+00   0.0000000e+00   1.0000000e+00
   1.2400000e+00   0.0000000e+00   1.0000000e+00
   1.2500000e+00   0.0000000e+00   1.0000000e+00
   1.2600000e+00   0.0000000e+00   1.0000000e+00
   1.2700000e+00   0.0000000e+00   1.0000000e+00
   1.2800000e+00   0.0000000e+00   1.0000000e+00
   1.2900000e+00   0.0000000e+00   1.0000000e+00
   1.3000000e+00   0.0000000e+00   1.0000000e+00
   1.3100000e+00   0.0000000e+00   1.0000000e+00
   1.3200000e+00   0.0000000e+00   1.0000000e+00
   1.3300000e+00   0.0000000e+00   1.0000000e+00
   1.3400000e+00   0.0000000e+00   1.0000000e+00
   1.3500000e+00   0.0000000e+00   1.0000000e+00
   1.3600000e+00   0.0000000e+00   1.0000000e+00
   1.3700000e+00   0.0000000e+00   1.0000000e+00
   1.3800000e+00   0.0000000e+00   1.0000000e+00
   1.3900000e+00   0.0000000e+00   1.0000000e+00
   1.4000000e+00   0.0000000e+00   1.0000000e+00
   1.4100000e+00   0.0000000e+00   1.0000000e+00
   1.4200000e+00   0.0000000e+00   1.0000000e+00
   1.4300000e+00   0.0000000e+00   1.0000000e+00
   1.4400000e+00   0.0000000e+00   1.0000000e+00
   1.4500000e+00   0.0000000e+00   1.0000000e+00
   1.4600000e+00   0.0000000e+00   1.0000000e+00
   1.4700000e+00   0.0000000e+00   1.0000000e+00
   1.4800000e+00   0.0000000e+00   1.0000000e+00
   1.4900000e+00   0.0000000e+00   1.0000000e+00
   1.5000000e+00   0.0000000e+00   1.0000000e+00
   1.5100000e+00   0.0000000e+00   1.0000000e+00
   1.5200000e+00   0.0000000e+00   1.0000000e+00
   1.5300000e+00   0.0000000e+00   1.0000000e+00
   1.5400000e+00   0.0000000e+00   1.0000000e+00
   1.5500000e+00   0.0000000e+00   1.0000000e+00
   1.5600000e+00   0.0000000e+00   1.0000000e+00
   1.5700000e+00   0.0000000e+00   1.0000000e+00
   1.5800000e+00   0.0000000e+00   1.0000000e+00
   1.5900000e+00   0.0000000e+00   1.0000000e+00
   1.6000000e+00   0.0000000e+00   1.0000000e+00
   1.6100000e+00   0.0000000e+00   1.0000000e+00
   1.6200000e+00   0.0000000e+00   1.0000000e+00
   1.6300000e+00   0.0000000e+00   1.0000000e+00
   1.6400000e+00   0.0000000e+00   1.0000000e+00
   1.6500000e+00   0.0000000e+00   1.0000000e+00
   1.6600000e+00   0.0000000e+00   1.0000000e+00
   1.6700000e+00   0.0000000e+00   1.0000000e+00
   1.6800000e+00   0.0000000e+00   1.0000000e+00
   1.6900000e+00   0.0000000e+00   1.0000000e+00
   1.7000000e+00   0.0000000e+00   1.0000000e+00
   1.7100000e+00   0.0000000e+00   1.0000000e+00
   1.7200000e+00   0.0000000e+00   1.0000000e+00
   1.7300000e+00   0.0000000e+00   1.0000000e+00
   1.7400000e+00   0.0000000e+00   1.0000000e+00
   1.7500000e+00   0.0000000e+00   1.0000000e+00
   1.7600000e+00   0.0000000e+00   1.0000000e+00
   1.7700000e+00   0.0000000e+00   1.0000000e+00
   1.7800000e+00   0.0000000e+00   1.0000000e+00
   1.7900000e+00   0.0000000e+00   1.0000000e+00
   1.8000000e+00   0.0000000e+00   1.0000000e+00
   1.8100000e+00   0.0000000e+00   1.0000000e+00
   1.8200000e+00   0.0000000e+00   1.0000000e+00
   1.8300000e+00   0.0000000e+00   1.0000000e+00
   1.8400000e+00   0.0000000e+00   1.0000000e+00
   1.8500000e+00   0.0000000e+00   1.0000000e+00
   1.8600000e+00   0.0000000e+00   1.0000000e+00
   1.8700000e+00   0.0000000e+00   1.0000000e+00
   1.8800000e+00   0.0000000e+00   1.0000000e+00
   1.8900000e+00   0.0000000e+00   1.0000000e+00
   1.9000000e+00   0.0000000e+00   1.0000000e+00
   1.9100000e+00   0.0000000e+00   1.0000000e+00
   1.9200000e+00   0.0000000e+00   1.0000000e+00
   1.9300000e+00   0.0000000e+00   1.0000000e+00
   1.9400000e+00   0.0000000e+00   1.0000000e+00
   1.9500000e+00   0.0000000e+00   1.0000000e+00
   1.9600000e+00   0.0000000e+00   1.0000000e+00
   1.9700000e+00   0.0000000e+00   1.0000000e+00
   1.9800000e+00   0.0000000e+00   1.0000000e+00
   1.9900000e+00   0.0000000e+00   1.0000000e+00
   2.0000000e+00   0.0000000e+00   1.0000000e+00
   2.0100000e+00   6.6000000e-05   1.0000000e+00
   2.0200000e+00   2.3000000e-04   1.0000000e+00
   2.0300000e+00   4.9000000e-04   1.0000000e+00
   2.0400000e+00   8.4300000e-04   1.0000000e+00
   2.0500000e+00   1.2880000e-03   1.0000000e+00
   2.0600000e+00   1.8240000e-03   1.0000000e+00
   2.0700000e+00   2.4470000e-03   1.0000000e+00
   2.0800000e+00   3.1570000e-03   1.0000000e+00
   2.0900000e+00   3.9520000e-03   1.0000000e+00
   2.1000000e+00   4.8300000e-03   1.0000000e+00
   2.1100000e+00   5.7880000e-03   1.0000000e+00
   2.1200000e+00   6.8260000e-03   1.0000000e+00
   2.1300000e+00   7.9420000e-03   1.0000000e+00
   2.1400000e+00   9.1340000e-03   1.0000000e+00
   2.1500000e+00   1.0401000e-02   1.0000000e+00
   2.1600000e+00   1.1740000e-02   1.0000000e+00
   2.1700000e+00   1.3151000e-02   1.0000000e+00
   2.1800000e+00   1.4632000e-02   1.0000000e+00
   2.1900000e+00   1.6181000e-02   1.0000000e+00
   2.2000000e+00   1.7796000e-02   1.0000000e+00
   2.2100000e+00   1.9477000e-02   1.0000000e+00
   2.2200000e+00   2.1221000e-02   1.0000000e+00
   2.2300000e+00   2.3028000e-02   1.0000000e+00
   2.2400000e+00   2.4896000e-02   1.0000000e+00
   2.2500000e+00   2.6824000e-02   1.0000000e+00
   2.2600000e+00   2.8809000e-02   1.0000000e+00
   2.2700000e+00   3.0852000e-02   1.0000000e+00
   2.2800000e+00   3.2950000e-02   1.0000000e+00
   2.2900000e+00   3.5102000e-02   1.0000000e+00
   2.3000000e+00   3.7307000e-02   1.0000000e+00
   2.3100000e+00   3.9563000e-02   1.0000000e+00
   2.3200000e+00   4.1871000e-02   1.0000000e+00
   2.3300000e+00   4.4227000e-02   1.0000000e+00
   2.3400000e+00   4.6631000e-02   1.0000000e+00
   2.3500000e+00   4.9082000e-02   1.0000000e+00
   2.3600000e+00   5.1579000e-02   1.0000000e+00
   2.3700000e+00   5.4120000e-02   1.0000000e+00
   2.3800000e+00   5.6704000e-02   1.0000000e+00
   2.3900000e+00   5.9331000e-02   1.0000000e+00
   2.4000000e+00   6.1999000e-02   1.0000000e+00
   2.4100000e+00   6.4707000e-02   1.0000000e+00
   2.4200000e+00   6.7453000e-02   1.0000000e+00
   2.4300000e+00   7.0238000e-02   1.0000000e+00
   2.4400000e+00   7.3060000e-02   1.0000000e+00
   2.4500000e+00   7.5917000e-02   1.0000000e+00
   2.4600000e+00   7.8810000e-02   1.0000000e+00
   2.4700000e+00   8.1736000e-02   1.0000000e+00
   2.4800000e+00   8.4696000e-02   1.0000000e+00
   2.4900000e+00   8.7687000e-02   1.0000000e+00
   2.5000000e+00   9.0709000e-02   1.0000000e+00
   2.5100000e+00   9.3762000e-02   1.0000000e+00
   2.5200000e+00   9.6844000e-02   1.0000000e+00
   2.5300000e+00   9.9954000e-02   1.0000000e+00
   2.5400000e+00   1.0309200e-01   1.0000000e+00
   2.5500000e+00   1.0625700e-01   1.0000000e+00
   2.5600000e+00   1.0944700e-01   1.0000000e+00
   2.5700000e+00   1.1266200e-01   1.0000000e+00
   2.5800000e+00   1.1590200e-01   1.0000000e+00
   2.5900000e+00   1.1916500e-01   1.0000000e+00
   2.6000000e+00   1.2245000e-01   1.0000000e+00
   2.6100000e+00   1.2575800e-01   1.0000000e+00
   2.6200000e+00   1.2908600e-01   1.0000000e+00
   2.6300000e+00   1.3243500e-01   1.0000000e+00
   2.6400000e+00   1.3580300e-01   1.0000000e+00
   2.6500000e+00   1.3919000e-01   1.0000000e+00
   2.6600000e+00   1.4259500e-01   1.0000000e+00
   2.6700000e+00   1.4601800e-01   1.0000000e+00
   2.6800000e+00   1.4945800e-01   1.0000000e+00
   2.6900000e+00   1.5291300e-01   1.0000000e+00
   2.7000000e+00   1.5638400e-01   1.0000000e+00
   2.7100000e+00   1.5987000e-01   1.0000000e+00
   2.7200000e+00   1.6337000e-01   1.0000000e+00
   2.7300000e+00   1.6688400e-01   1.0000000e+00
   2.7400000e+00   1.7041000e-01   1.0000000e+00
   2.7500000e+00   1.7394900e-01   1.0000000e+00
   2.7600000e+00   1.7749900e-01   1.0000000e+00
   2.7700000e+00   1.8106100e-01   1.0000000e+00
   2.7800000e+00   1.8463300e-01   1.0000000e+00
   2.7900000e+00   1.8821500e-01   1.0000000e+00
   2.8000000e+00   1.9180700e-01   1.0000000e+00
   2.8100000e+00   1.9540700e-01   1.0000000e+00
   2.8200000e+00   1.9901600e-01   1.0000000e+00
   2.8300000e+00   2.0263300e-01   1.0000000e+00
   2.8400000e+00   2.0625700e-01   1.0000000e+00
   2.8500000e+00   2.0988800e-01   1.0000000e+00
   2.8600000e+00   2.1352500e-01   1.0000000e+00
   2.8700000e+00   2.1716800e-01   1.0000000e+00
   2.8800000e+00   2.2081600e-01   1.0000000e+00
   2.8900000e+00   2.2447000e-01   1.0000000e+00
   2.9000000e+00   2.2812800e-01   1.0000000e+00
   2.9100000e+00   2.3178900e-01   1.0000000e+00
   2.9200000e+00   2.3545500e-01   1.0000000e+00
   2.9300000e+00   2.3912300e-01   1.0000000e+00
   2.9400000e+00   2.4279400e-01   1.0000000e+00
   2.9500000e+00   2.4646700e-01   1.0000000e+00
   2.9600000e+00   2.5014300e-01   1.0000000e+00
   2.9700000e+00   2.5381900e-01   1.0000000e+00
   2.9800000e+00   2.5749700e-01   1.0000000e+00
   2.9900000e+00   2.6117500e-01   1.0000000e+00
   3.0000000e+00   2.6485400e-01   1.0000000e+00
   3.0100000e+00   2.6853300e-01   1.0000000e+00
   3.0200000e+00   2.7221100e-01   1.0000000e+00
   3.0300000e+00   2.7588900e-01   1.0000000e+00
   3.0400000e+00   2.7956500e-01   1.0000000e+00
   3.0500000e+00   2.8324000e-01   1.0000000e+00
   3.0600000e+00   2.8691300e-01   1.0000000e+00
   3.0700000e+00   2.9058400e-01   1.0000000e+00
   3.0800000e+00   2.9425300e-01   1.0000000e+00
   3.0900000e+00   2.9791800e-01   1.0000000e+00
   3.1000000e+00   3.0158100e-01   1.0000000e+00
   3.1100000e+00   3.0524000e-01   1.0000000e+00
   3.1200000e+00   3.0889600e-01   1.0000000e+00
   3.1300000e+00   3.1254800e-01   1.0000000e+00
   3.1400000e+00   3.1619500e-01   1.0000000e+00
   3.1500000e+00   3.1983800e-01   1.0000000e+00
   3.1600000e+00   3.2347600e-01   1.0000000e+00
   3.1700000e+00   3.2710900e-01   1.0000000e+00
   3.1800000e+00   3.3073700e-01   1.0000000e+00
   3.1900000e+00   3.3435900e-01   1.0000000e+00
   3.2000000e+00   3.3797500e-01   1.0000000e+00
   3.2100000e+00   3.4158500e-01   1.0000000e+00
   3.2200000e+00   3.4518900e-01   1.0000000e+00
   3.2300000e+00   3.4878700e-01   1.0000000e+00
   3.2400000e+00   3.5237700e-01   1.0000000e+00
   3.2500000e+00   3.5596100e-01   1.0000000e+00
   3.2600000e+00   3.5953800e-01   1.0000000e+00
   3.2700000e+00   3.6310700e-01   1.0000000e+00
   3.2800000e+00   3.6666800e-01   1.0000000e+00
   3.2900000e+00   3.7022200e-01   1.0000000e+00
   3.3000000e+00   3.7376700e-01   1.0000000e+00
   3.3100000e+00   3.7730500e-01   1.0000000e+00
   3.3200000e+00   3.8083400e-01   1.0000000e+00
   3.3300000e+00   3.8435400e-01   1.0000000e+00
   3.3400000e+00   3.8786600e-01   1.0000000e+00
   3.3500000e+00   3.9136900e-01   1.0000000e+00
   3.3600000e+00   3.9486200e-01   1.0000000e+00
   3.3700000e+00   3.9834700e-01   1.0000000e+00
   3.3800000e+00   4.0182200e-01   1.0000000e+00
   3.3900000e+00   4.0528700e-01   1.0000000e+00
   3.4000000e+00   4.0874300e-01   1.0000000e+00
   3.4100000e+00   4.1218800e-01   1.0000000e+00
   3.4200000e+00   4.1562400e-01   1.0000000e+00
   3.4300000e+00   4.1905000e-01   1.0000000e+00
   3.4400000e+00   4.2246500e-01   1.0000000e+00
   3.4500000e+00   4.2587000e-01   1.0000000e+00
   3.4600000e+00   4.2926400e-01   1.0000000e+00
   3.4700000e+00   4.3264700e-01   1.0000000e+00
   3.4800000e+00   4.3602000e-01   1.0000000e+00
   3.4900000e+00   4.3938200e-01   1.0000000e+00
   3.5000000e+00   4.4273200e-01   1.0000000e+00
   3.5100000e+00   4.4607200e-01   1.0000000e+00
   3.5200000e+00   4.4940000e-01   1.0000000e+00
   3.5300000e+00   4.5271700e-01   1.0000000e+00
   3.5400000e+00   4.5602200e-01   1.0000000e+00
   3.5500000e+00   4.5931600e-01   1.0000000e+00
   3.5600000e+00   4.6259800e-01   1.0000000e+00
   3.5700000e+00   4.6586800e-01   1.0000000e+00
   3.5800000e+00   4.6912700e-01   1.0000000e+00
   3.5900000e+00   4.7237300e-01   1.0000000e+00
   3.6000000e+00   4.7560700e-01   1.0000000e+00
   3.6100000e+00   4.7883000e-01   1.0000000e+00
   3.6200000e+00   4.8204000e-01   1.0000000e+00
   3.6300000e+00   4.8523700e-01   1.0000000e+00
   3.6400000e+00   4.8842300e-01   1.0000000e+00
   3.6500000e+00   4.9159600e-01   1.0000000e+00
   3.6600000e+00   4.9475600e-01   1.0000000e+00
   3.6700000e+00   4.9790400e-01   1.0000000e+00
   3.6800000e+00   5.0104000e-01   1.0000000e+00
   3.6900000e+00   5.0416200e-01   1.0000000e+00
   3.7000000e+00   5.0727200e-01   1.0000000e+00
   3.7100000e+00   5.1036900e-01   1.0000000e+00
   3.7200000e+00   5.1345300e-01   1.0000000e+00
   3.7300000e+00   5.1652500e-01   1.0000000e+00
   3.7400000e+00   5.1958300e-01   1.0000000e+00
   3.7500000e+00   5.2262800e-01   1.0000000e+00
   3.7600000e+00   5.2566100e-01   1.0000000e+00
   3.7700000e+00   5.2868000e-01   1.0000000e+00
   3.7800000e+00   5.3168600e-01   1.0000000e+00
   3.7900000e+00   5.3467900e-01   1.0000000e+00
   3.8000000e+00   5.3765900e-01   1.0000000e+00
   3.8100000e+00   5.4062600e-01   1.0000000e+00
   3.8200000e+00   5.4357900e-01   1.0000000e+00
   3.8300000e+00   5.4651900e-01   1.0000000e+00
   3.8400000e+00   5.4944600e-01   1.0000000e+00
   3.8500000e+00   5.5235900e-01   1.0000000e+00
   3.8600000e+00   5.5525900e-01   1.0000000e+00
   3.8700000e+00   5.5814500e-01   1.0000000e+00
   3.8800000e+00   5.6101900e-01   1.0000000e+00
   3.8900000e+00   5.6387800e-01   1.0000000e+00
   3.9000000e+00   5.6672500e-01   1.0000000e+00
   3.9100000e+00   5.6955700e-01   1.0000000e+00
   3.9200000e+00   5.7237700e-01   1.0000000e+00
   3.9300000e+00   5.7518300e-01   1.0000000e+00
   3.9400000e+00   5.7797500e-01   1.0000000e+00
   3.9500000e+00   5.8075400e-01   1.0000000e+00
   3.9600000e+00   5.8351900e-01   1.0000000e+00
   3.9700000e+00   5.8627100e-01   1.0000000e+00
   3.9800000e+00   5.8900900e-01   1.0000000e+00
   3.9900000e+00   5.9173400e-01   1.0000000e+00
   4.0000000e+00   5.9444500e-01   1.0000000e+00
   4.0100000e+00   5.9714300e-01   1.0000000e+00
   4.0200000e+00   5.9982700e-01   1.0000000e+00
   4.0300000e+00   6.0249800e-01   1.0000000e+00
   4.0400000e+00   6.0515500e-01   1.0000000e+00
   4.0500000e+00   6.0779800e-01   1.0000000e+00
   4.0600000e+00   6.1042800e-01   1.0000000e+00
   4.0700000e+00   6.1304500e-01   1.0000000e+00
   4.0800000e+00   6.1564800e-01   1.0000000e+00
   4.0900000e+00   6.1823800e-01   1.0000000e+00
   4.1000000e+00   6.2081400e-01   1.0000000e+00
   4.1100000e+00   6.2337600e-01   1.0000000e+00
   4.1200000e+00   6.2592500e-01   1.0000000e+00
   4.1300000e+00   6.2846100e-01   1.0000000e+00
   4.1400000e+00   6.3098300e-01   1.0000000e+00
   4.1500000e+00   6.3349200e-01   1.0000000e+00
   4.1600000e+00   6.3598800e-01   1.0000000e+00
   4.1700000e+00   6.3847000e-01   1.0000000e+00
   4.1800000e+00   6.4093900e-01   1.0000000e+00
   4.1900000e+00   6.4339400e-01   1.0000000e+00
   4.2000000e+00   6.4583600e-01   1.0000000e+00
   4.2100000e+00   6.4826500e-01   1.0000000e+00
   4.2200000e+00   6.5068100e-01   1.0000000e+00
   4.2300000e+00   6.5308300e-01   1.0000000e+00
   4.2400000e+00   6.5547200e-01   1.0000000e+00
   4.2500000e+00   6.5784800e-01   1.0000000e+00
   4.2600000e+00   6.6021000e-01   1.0000000e+00
   4.2700000e+00   6.6256000e-01   1.0000000e+00
   4.2800000e+00   6.6489600e-01   1.0000000e+00
   4.2900000e+00   6.6722000e-01   1.0000000e+00
   4.3000000e+00   6.6953000e-01   1.0000000e+00
   4.3100000e+00   6.7182700e-01   1.0000000e+00
   4.3200000e+00   6.7411200e-01   1.0000000e+00
   4.3300000e+00   6.7638300e-01   1.0000000e+00
   4.3400000e+00   6.7864100e-01   1.0000000e+00
   4.3500000e+00   6.8088700e-01   1.0000000e+00
   4.3600000e+00   6.8311900e-01   1.0000000e+00
   4.3700000e+00   6.8533900e-01   1.0000000e+00
   4.3800000e+00   6.8754600e-01   1.0000000e+00
   4.3900000e+00   6.8974000e-01   1.0000000e+00
   4.4000000e+00   6.9192200e-01   1.0000000e+00
   4.4100000e+00   6.9409100e-01   1.0000000e+00
   4.4200000e+00   6.9624700e-01   1.0000000e+00
   4.4300000e+00   6.9839000e-01   1.0000000e+00
   4.4400000e+00   7.0052100e-01   1.0000000e+00
   4.4500000e+00   7.0263900e-01   1.0000000e+00
   4.4600000e+00   7.0474500e-01   1.0000000e+00
   4.4700000e+00   7.0683900e-01   1.0000000e+00
   4.4800000e+00   7.0892000e-01   1.0000000e+00
   4.4900000e+00   7.1098800e-01   1.0000000e+00
   4.5000000e+00   7.1304500e-01   1.0000000e+00
   4.5100000e+00   7.1508800e-01   1.0000000e+00
   4.5200000e+00   7.1712000e-01   1.0000000e+00
   4.5300000e+00   7.1914000e-01   1.0000000e+00
   4.5400000e+00   7.2114700e-01   1.0000000e+00
   4.5500000e+00   7.2314200e-01   1.0000000e+00
   4.5600000e+00   7.2512500e-01   1.0000000e+00
   4.5700000e+00   7.2709600e-01   1.0000000e+00
   4.5800000e+00   7.2905500e-01   1.0000000e+00
   4.5900000e+00   7.3100200e-01   1.0000000e+00
   4.6000000e+00   7.3293700e-01   1.0000000e+00
   4.6100000e+00   7.3486000e-01   1.0000000e+00
   4.6200000e+00   7.3677200e-01   1.0000000e+00
   4.6300000e+00   7.3867100e-01   1.0000000e+00
   4.6400000e+00   7.4055900e-01   1.0000000e+00
   4.6500000e+00   7.4243500e-01   1.0000000e+00
   4.6600000e+00   7.4430000e-01   1.0000000e+00
   4.6700000e+00   7.4615300e-01   1.0000000e+00
   4.6800000e+00   7.4799400e-01   1.0000000e+00
   4.6900000e+00   7.4982400e-01   1.0000000e+00
   4.7000000e+00   7.5164200e-01   1.0000000e+00
   4.7100000e+00   7.5344900e-01   1.0000000e+00
   4.7200000e+00   7.5524500e-01   1.0000000e+00
   4.7300000e+00   7.5702900e-01   1.0000000e+00
   4.7400000e+00   7.5880200e-01   1.0000000e+00
   4.7500000e+00   7.6056400e-01   1.0000000e+00
   4.7600000e+00   7.6231400e-01   1.0000000e+00
   4.7700000e+00   7.6405400e-01   1.0000000e+00
   4.7800000e+00   7.6578200e-01   1.0000000e+00
   4.7900000e+00   7.6749900e-01   1.0000000e+00
   4.8000000e+00   7.6920600e-01   1.0000000e+00
   4.8100000e+00   7.7090100e-01   1.0000000e+00
   4.8200000e+00   7.7258500e-01   1.0000000e+00
   4.8300000e+00   7.7425900e-01   1.0000000e+00
   4.8400000e+00   7.7592200e-01   1.0000000e+00
   4.8500000e+00   7.7757400e-01   1.0000000e+00
   4.8600000e+00   7.7921600e-01   1.0000000e+00
   4.8700000e+00   7.8084600e-01   1.0000000e+00
   4.8800000e+00   7.8246700e-01   1.0000000e+00
   4.8900000e+00   7.8407600e-01   1.0000000e+00
   4.9000000e+00   7.8567500e-01   1.0000000e+00
   4.9100000e+00   7.8726400e-01   1.0000000e+00
   4.9200000e+00   7.8884200e-01   1.0000000e+00
   4.9300000e+00   7.9041000e-01   1.0000000e+00
   4.9400000e+00   7.9196800e-01   1.0000000e+00
   4.9500000e+00   7.9351500e-01   1.0000000e+00
   4.9600000e+00   7.9505300e-01   1.0000000e+00
   4.9700000e+00   7.9658000e-01   1.0000000e+00
   4.9800000e+00   7.9809700e-01   1.0000000e+00
   4.9900000e+00   7.9960400e-01   1.0000000e+00
   5.0000000e+00   8.0110100e-01   1.0000000e+00
   5.0100000e+00   8.0258800e-01   1.0000000e+00
   5.0200000e+00   8.0406500e-01   1.0000000e+00
   5.0300000e+00   8.0553200e-01   1.0000000e+00
   5.0400000e+00   8.0698900e-01   1.0000000e+00
   5.0500000e+00   8.0843700e-01   1.0000000e+00
   5.0600000e+00   8.0987500e-01   1.0000000e+00
   5.0700000e+00   8.1130300e-01   1.0000000e+00
   5.0800000e+00   8.1272200e-01   1.0000000e+00
   5.0900000e+00   8.1413100e-01   1.0000000e+00
   5.1000000e+00   8.1553100e-01   1.0000000e+00
   5.1100000e+00   8.1692100e-01   1.0000000e+00
   5.1200000e+00   8.1830200e-01   1.0000000e+00
   5.1300000e+00   8.1967400e-01   1.0000000e+00
   5.1400000e+00   8.2103600e-01   1.0000000e+00
   5.1500000e+00   8.2238900e-01   1.0000000e+00
   5.1600000e+00   8.2373200e-01   1.0000000e+00
   5.1700000e+00   8.2506700e-01   1.0000000e+00
   5.1800000e+00   8.2639200e-01   1.0000000e+00
   5.1900000e+00   8.2770900e-01   1.0000000e+00
   5.2000000e+00   8.2901600e-01   1.0000000e+00
   5.2100000e+00   8.3031500e-01   1.0000000e+00
   5.2200000e+00   8.3160400e-01   1.0000000e+00
   5.2300000e+00   8.3288500e-01   1.0000000e+00
   5.2400000e+00   8.3415700e-01   1.0000000e+00
   5.2500000e+00   8.3542000e-01   1.0000000e+00
   5.2600000e+00   8.3667400e-01   1.0000000e+00
   5.2700000e+00   8.3792000e-01   1.0000000e+00
   5.2800000e+00   8.3915700e-01   1.0000000e+00
   5.2900000e+00   8.4038500e-01   1.0000000e+00
   5.3000000e+00   8.4160500e-01   1.0000000e+00
   5.3100000e+00   8.4281700e-01   1.0000000e+00
   5.3200000e+00   8.4402000e-01   1.0000000e+00
   5.3300000e+00   8.4521500e-01   1.0000000e+00
   5.3400000e+00   8.4640100e-01   1.0000000e+00
   5.3500000e+00   8.4757900e-01   1.0000000e+00
   5.3600000e+00   8.4874900e-01   1.0000000e+00
   5.3700000e+00   8.4991000e-01   1.0000000e+00
   5.3800000e+00   8.5106400e-01   1.0000000e+00
   5.3900000e+00   8.5220900e-01   1.0000000e+00
   5.4000000e+00   8.5334700e-01   1.0000000e+00
   5.4100000e+00   8.5447600e-01   1.0000000e+00
   5.4200000e+00   8.5559700e-01   1.0000000e+00
   5.4300000e+00   8.5671100e-01   1.0000000e+00
   5.4400000e+00   8.5781700e-01   1.0000000e+00
   5.4500000e+00   8.5891400e-01   1.0000000e+00
   5.4600000e+00   8.6000500e-01   1.0000000e+00
   5.4700000e+00   8.6108700e-01   1.0000000e+00
   5.4800000e+00   8.6216100e-01   1.0000000e+00
   5.4900000e+00   8.6322800e-01   1.0000000e+00
   5.5000000e+00   8.6428800e-01   1.0000000e+00
   5.5100000e+00   8.6534000e-01   1.0000000e+00
   5.5200000e+00   8.6638400e-01   1.0000000e+00
   5.5300000e+00   8.6742100e-01   1.0000000e+00
   5.5400000e+00   8.6845100e-01   1.0000000e+00
   5.5500000e+00   8.6947300e-01   1.0000000e+00
   5.5600000e+00   8.7048800e-01   1.0000000e+00
   5.5700000e+00   8.7149500e-01   1.0000000e+00
   5.5800000e+00   8.7249600e-01   1.0000000e+00
   5.5900000e+00   8.7348900e-01   1.0000000e+00
   5.6000000e+00   8.7447500e-01   1.0000000e+00
   5.6100000e+00   8.7545400e-01   1.0000000e+00
   5.6200000e+00   8.7642600e-01   1.0000000e+00
   5.6300000e+00   8.7739000e-01   1.0000000e+00
   5.6400000e+00   8.7834800e-01   1.0000000e+00
   5.6500000e+00   8.7929900e-01   1.0000000e+00
   5.6600000e+00   8.8024300e-01   1.0000000e+00
   5.6700000e+00   8.8118100e-01   1.0000000e+00
   5.6800000e+00   8.8211100e-01   1.0000000e+00
   5.6900000e+00   8.8303500e-01   1.0000000e+00
   5.7000000e+00   8.8395200e-01   1.0000000e+00
   5.7100000e+00   8.8486200e-01   1.0000000e+00
   5.7200000e+00   8.8576600e-01   1.0000000e+00
   5.7300000e+00   8.8666300e-01   1.0000000e+00
   5.7400000e+00   8.8755400e-01   1.0000000e+00
   5.7500000e+00   8.8843800e-01   1.0000000e+00
   5.7600000e+00   8.8931500e-01   1.0000000e+00
   5.7700000e+00   8.9018700e-01   1.0000000e+00
   5.7800000e+00   8.9105100e-01   1.0000000e+00
   5.7900000e+00   8.9191000e-01   1.0000000e+00
   5.8000000e+00   8.9276200e-01   1.0000000e+00
   5.8100000e+00   8.9360800e-01   1.0000000e+00
   5.8200000e+00   8.9444800e-01   1.0000000e+00
   5.8300000e+00   8.9528100e-01   1.0000000e+00
   5.8400000e+00   8.9610900e-01   1.0000000e+00
   5.8500000e+00   8.9693000e-01   1.0000000e+00
   5.8600000e+00   8.9774500e-01   1.0000000e+00
   5.8700000e+00   8.9855400e-01   1.0000000e+00
   5.8800000e+00   8.9935800e-01   1.0000000e+00
   5.8900000e+00   9.0015500e-01   1.0000000e+00
   5.9000000e+00   9.0094600e-01   1.0000000e+00
   5.9100000e+00   9.0173200e-01   1.0000000e+00
   5.9200000e+00   9.0251100e-01   1.0000000e+00
   5.9300000e+00   9.0328500e-01   1.0000000e+00
   5.9400000e+00   9.0405400e-01   1.0000000e+00
   5.9500000e+00   9.0481600e-01   1.0000000e+00
   5.9600000e+00   9.0557300e-01   1.0000000e+00
   5.9700000e+00   9.0632400e-01   1.0000000e+00
   5.9800000e+00   9.0706900e-01   1.0000000e+00
   5.9900000e+00   9.0780900e-01   1.0000000e+00
   6.0000000e+00   9.0854400e-01   1.0000000e+00
   6.0100000e+00   9.0927300e-01   1.0000000e+00
   6.0200000e+00   9.0999600e-01   1.0000000e+00
   6.0300000e+00   9.1071500e-01   1.0000000e+00
   6.0400000e+00   9.1142700e-01   1.0000000e+00
   6.0500000e+00   9.1213500e-01   1.0000000e+00
   6.0600000e+00   9.1283700e-01   1.0000000e+00
   6.0700000e+00   9.1353300e-01   1.0000000e+00
   6.0800000e+00   9.1422500e-01   1.0000000e+00
   6.0900000e+00   9.1491100e-01   1.0000000e+00
   6.1000000e+00   9.1559300e-01   1.0000000e+00
   6.1100000e+00   9.1626900e-01   1.0000000e+00
   6.1200000e+00   9.1694000e-01   1.0000000e+00
   6.1300000e+00   9.1760600e-01   1.0000000e+00
   6.1400000e+00   9.1826600e-01   1.0000000e+00
   6.1500000e+00   9.1892200e-01   1.0000000e+00
   6.1600000e+00   9.1957300e-01   1.0000000e+00
   6.1700000e+00   9.2021900e-01   1.0000000e+00
   6.1800000e+00   9.2086000e-01   1.0000000e+00
   6.1900000e+00   9.2149700e-01   1.0000000e+00
   6.2000000e+00   9.2212800e-01   1.0000000e+00
   6.2100000e+00   9.2275500e-01   1.0000000e+00
   6.2200000e+00   9.2337600e-01   1.0000000e+00
   6.2300000e+00   9.2399400e-01   1.0000000e+00
   6.2400000e+00   9.2460600e-01   1.0000000e+00
   6.2500000e+00   9.2521400e-01   1.0000000e+00
   6.2600000e+00   9.2581700e-01   1.0000000e+00
   6.2700000e+00   9.2641600e-01   1.0000000e+00
   6.2800000e+00   9.2700900e-01   1.0000000e+00
   6.2900000e+00   9.2759900e-01   1.0000000e+00
   6.3000000e+00   9.2818400e-01   1.0000000e+00
   6.3100000e+00   9.2876400e-01   1.0000000e+00
   6.3200000e+00   9.2934000e-01   1.0000000e+00
   6.3300000e+00   9.2991200e-01   1.0000000e+00
   6.3400000e+00   9.3047900e-01   1.0000000e+00
   6.3500000e+00   9.3104200e-01   1.0000000e+00
   6.3600000e+00   9.3160100e-01   1.0000000e+00
   6.3700000e+00   9.3215500e-01   1.0000000e+00
   6.3800000e+00   9.3270500e-01   1.0000000e+00
   6.3900000e+00   9.3325100e-01   1.0000000e+00
   6.4000000e+00   9.3379200e-01   1.0000000e+00
   6.4100000e+00   9.3433000e-01   1.0000000e+00
   6.4200000e+00   9.3486300e-01   1.0000000e+00
   6.4300000e+00   9.3539200e-01   1.0000000e+00
   6.4400000e+00   9.3591700e-01   1.0000000e+00
   6.4500000e+00   9.3643800e-01   1.0000000e+00
   6.4600000e+00   9.3695500e-01   1.0000000e+00
   6.4700000e+00   9.3746800e-01   1.0000000e+00
   6.4800000e+00   9.3797800e-01   1.0000000e+00
   6.4900000e+00   9.3848300e-01   1.0000000e+00
   6.5000000e+00   9.3898400e-01   1.0000000e+00
   6.5100000e+00   9.3948100e-01   1.0000000e+00
   6.5200000e+00   9.3997500e-01   1.0000000e+00
   6.5300000e+00   9.4046400e-01   1.0000000e+00
   6.5400000e+00   9.4095000e-01   1.0000000e+00
   6.5500000e+00   9.4143200e-01   1.0000000e+00
   6.5600000e+00   9.4191000e-01   1.0000000e+00
   6.5700000e+00   9.4238500e-01   1.0000000e+00
   6.5800000e+00   9.4285600e-01   1.0000000e+00
   6.5900000e+00   9.4332300e-01   1.0000000e+00
   6.6000000e+00   9.4378700e-01   1.0000000e+00
   6.6100000e+00   9.4424700e-01   1.0000000e+00
   6.6200000e+00   9.4470300e-01   1.0000000e+00
   6.6300000e+00   9.4515600e-01   1.0000000e+00
   6.6400000e+00   9.4560500e-01   1.0000000e+00
   6.6500000e+00   9.4605100e-01   1.0000000e+00
   6.6600000e+00   9.4649300e-01   1.0000000e+00
   6.6700000e+00   9.4693200e-01   1.0000000e+00
   6.6800000e+00   9.4736800e-01   1.0000000e+00
   6.6900000e+00   9.4780000e-01   1.0000000e+00
   6.7000000e+00   9.4822800e-01   1.0000000e+00
   6.7100000e+00   9.4865300e-01   1.0000000e+00
   6.7200000e+00   9.4907500e-01   1.0000000e+00
   6.7300000e+00   9.4949400e-01   1.0000000e+00
   6.7400000e+00   9.4990900e-01   1.0000000e+00
   6.7500000e+00   9.5032100e-01   1.0000000e+00
   6.7600000e+00   9.5073000e-01   1.0000000e+00
   6.7700000e+00   9.5113600e-01   1.0000000e+00
   6.7800000e+00   9.5153800e-01   1.0000000e+00
   6.7900000e+00   9.5193700e-01   1.0000000e+00
   6.8000000e+00   9.5233300e-01   1.0000000e+00
   6.8100000e+00   9.5272600e-01   1.0000000e+00
   6.8200000e+00   9.5311600e-01   1.0000000e+00
   6.8300000e+00   9.5350300e-01   1.0000000e+00
   6.8400000e+00   9.5388700e-01   1.0000000e+00
   6.8500000e+00   9.5426700e-01   1.0000000e+00
   6.8600000e+00   9.5464500e-01   1.0000000e+00
   6.8700000e+00   9.5502000e-01   1.0000000e+00
   6.8800000e+00   9.5539100e-01   1.0000000e+00
   6.8900000e+00   9.5576000e-01   1.0000000e+00
   6.9000000e+00   9.5612600e-01   1.0000000e+00
   6.9100000e+00   9.5648900e-01   1.0000000e+00
   6.9200000e+00   9.5684900e-01   1.0000000e+00
   6.9300000e+00   9.5720600e-01   1.0000000e+00
   6.9400000e+00   9.5756100e-01   1.0000000e+00
   6.9500000e+00   9.5791200e-01   1.0000000e+00
   6.9600000e+00   9.5826100e-01   1.0000000e+00
   6.9700000e+00   9.5860700e-01   1.0000000e+00
   6.9800000e+00   9.5895000e-01   1.0000000e+00
   6.9900000e+00   9.5929100e-01   1.0000000e+00
   7.0000000e+00   9.5962800e-01   1.0000000e+00
   7.0100000e+00   9.5996400e-01   1.0000000e+00
   7.0200000e+00   9.6029600e-01   1.0000000e+00
   7.0300000e+00   9.6062600e-01   1.0000000e+00
   7.0400000e+00   9.6095300e-01   1.0000000e+00
   7.0500000e+00   9.6127700e-01   1.0000000e+00
   7.0600000e+00   9.6159900e-01   1.0000000e+00
   7.0700000e+00   9.6191900e-01   1.0000000e+00
   7.0800000e+00   9.6223600e-01   1.0000000e+00
   7.0900000e+00   9.6255000e-01   1.0000000e+00
   7.1000000e+00   9.6286200e-01   1.0000000e+00
   7.1100000e+00   9.6317100e-01   1.0000000e+00
   7.1200000e+00   9.6347800e-01   1.0000000e+00
   7.1300000e+00   9.6378200e-01   1.0000000e+00
   7.1400000e+00   9.6408400e-01   1.0000000e+00
   7.1500000e+00   9.6438300e-01   1.0000000e+00
   7.1600000e+00   9.6468100e-01   1.0000000e+00
   7.1700000e+00   9.6497500e-01   1.0000000e+00
   7.1800000e+00   9.6526800e-01   1.0000000e+00
   7.1900000e+00   9.6555700e-01   1.0000000e+00
   7.2000000e+00   9.6584500e-01   1.0000000e+00
   7.2100000e+00   9.6613000e-01   1.0000000e+00
   7.2200000e+00   9.6641300e-01   1.0000000e+00
   7.2300000e+00   9.6669400e-01   1.0000000e+00
   7.2400000e+00   9.6697300e-01   1.0000000e+00
   7.2500000e+00   9.6724900e-01   1.0000000e+00
   7.2600000e+00   9.6752300e-01   1.0000000e+00
   7.2700000e+00   9.6779500e-01   1.0000000e+00
   7.2800000e+00   9.6806400e-01   1.0000000e+00
   7.2900000e+00   9.6833200e-01   1.0000000e+00
   7.3000000e+00   9.6859700e-01   1.0000000e+00
   7.3100000e+00   9.6886000e-01   1.0000000e+00
   7.3200000e+00   9.6912100e-01   1.0000000e+00
   7.3300000e+00   9.6938000e-01   1.0000000e+00
   7.3400000e+00   9.6963700e-01   1.0000000e+00
   7.3500000e+00   9.6989200e-01   1.0000000e+00
   7.3600000e+00   9.7014400e-01   1.0000000e+00
   7.3700000e+00   9.7039500e-01   1.0000000e+00
   7.3800000e+00   9.7064300e-01   1.0000000e+00
   7.3900000e+00   9.7089000e-01   1.0000000e+00
   7.4000000e+00   9.7113500e-01   1.0000000e+00
   7.4100000e+00   9.7137700e-01   1.0000000e+00
   7.4200000e+00   9.7161800e-01   1.0000000e+00
   7.4300000e+00   9.7185600e-01   1.0000000e+00
   7.4400000e+00   9.7209300e-01   1.0000000e+00
   7.4500000e+00   9.7232800e-01   1.0000000e+00
   7.4600000e+00   9.7256100e-01   1.0000000e+00
   7.4700000e+00   9.7279200e-01   1.0000000e+00
   7.4800000e+00   9.7302100e-01   1.0000000e+00
   7.4900000e+00   9.7324800e-01   1.0000000e+00
   7.5000000e+00   9.7347300e-01   1.0000000e+00
   7.5100000e+00   9.7369700e-01   1.0000000e+00
   7.5200000e+00   9.7391900e-01   1.0000000e+00
   7.5300000e+00   9.7413900e-01   1.0000000e+00
   7.5400000e+00   9.7435700e-01   1.0000000e+00
   7.5500000e+00   9.7457300e-01   1.0000000e+00
   7.5600000e+00   9.7478800e-01   1.0000000e+00
   7.5700000e+00   9.7500100e-01   1.0000000e+00
   7.5800000e+00   9.7521200e-01   1.0000000e+00
   7.5900000e+00   9.7542100e-01   1.0000000e+00
   7.6000000e+00   9.7562900e-01   1.0000000e+00
   7.6100000e+00   9.7583500e-01   1.0000000e+00
   7.6200000e+00   9.7603900e-01   1.0000000e+00
   7.6300000e+00   9.7624100e-01   1.0000000e+00
   7.6400000e+00   9.7644200e-01   1.0000000e+00
   7.6500000e+00   9.7664200e-01   1.0000000e+00
   7.6600000e+00   9.7683900e-01   1.0000000e+00
   7.6700000e+00   9.7703500e-01   1.0000000e+00
   7.6800000e+00   9.7723000e-01   1.0000000e+00
   7.6900000e+00   9.7742300e-01   1.0000000e+00
   7.7000000e+00   9.7761400e-01   1.0000000e+00
   7.7100000e+00   9.7780300e-01   1.0000000e+00
   7.7200000e+00   9.7799200e-01   1.0000000e+00
   7.7300000e+00   9.7817800e-01   1.0000000e+00
   7.7400000e+00   9.7836300e-01   1.0000000e+00
   7.7500000e+00   9.7854700e-01   1.0000000e+00
   7.7600000e+00   9.7872900e-01   1.0000000e+00
   7.7700000e+00   9.7890900e-01   1.0000000e+00
   7.7800000e+00   9.7908800e-01   1.0000000e+00
   7.7900000e+00   9.7926600e-01   1.0000000e+00
   7.8000000e+00   9.7944200e-01   1.0000000e+00
   7.8100000e+00   9.7961700e-01   1.0000000e+00
   7.8200000e+00   9.7979000e-01   1.0000000e+00
   7.8300000e+00   9.7996100e-01   1.0000000e+00
   7.8400000e+00   9.8013200e-01   1.0000000e+00
   7.8500000e+00   9.8030100e-01   1.0000000e+00
   7.8600000e+00   9.8046800e-01   1.0000000e+00
   7.8700000e+00   9.8063400e-01   1.0000000e+00
   7.8800000e+00   9.8079900e-01   1.0000000e+00
   7.8900000e+00   9.8096300e-01   1.0000000e+00
   7.9000000e+00   9.8112500e-01   1.0000000e+00
   7.9100000e+00   9.8128600e-01   1.0000000e+00
   7.9200000e+00   9.8144500e-01   1.0000000e+00
   7.9300000e+00   9.8160300e-01   1.0000000e+00
   7.9400000e+00   9.8176000e-01   1.0000000e+00
   7.9500000e+00   9.8191500e-01   1.0000000e+00
   7.9600000e+00   9.8206900e-01   1.0000000e+00
   7.9700000e+00   9.8222200e-01   1.0000000e+00
   7.9800000e+00   9.8237400e-01   1.0000000e+00
   7.9900000e+00   9.8252400e-01   1.0000000e+00
   8.0000000e+00   9.8267400e-01   1.0000000e+00
   8.0100000e+00   9.8282100e-01   1.0000000e+00
   8.0200000e+00   9.8296800e-01   1.0000000e+00
   8.0300000e+00   9.8311400e-01   1.0000000e+00
   8.0400000e+00   9.8325800e-01   1.0000000e+00
   8.0500000e+00   9.8340100e-01   1.0000000e+00
   8.0600000e+00   9.8354300e-01   1.0000000e+00
   8.0700000e+00   9.8368300e-01   1.0000000e+00
   8.0800000e+00   9.8382300e-01   1.0000000e+00
   8.0900000e+00   9.8396100e-01   1.0000000e+00
   8.1000000e+00   9.8409800e-01   1.0000000e+00
   8.1100000e+00   9.8423400e-01   1.0000000e+00
   8.1200000e+00   9.8436900e-01   1.0000000e+00
   8.1300000e+00   9.8450300e-01   1.0000000e+00
   8.1400000e+00   9.8463600e-01   1.0000000e+00
   8.1500000e+00   9.8476700e-01   1.0000000e+00
   8.1600000e+00   9.8489800e-01   1.0000000e+00
   8.1700000e+00   9.8502700e-01   1.0000000e+00
   8.1800000e+00   9.8515600e-01   1.0000000e+00
   8.1900000e+00   9.8528300e-01   1.0000000e+00
   8.2000000e+00   9.8540900e-01   1.0000000e+00
   8.2100000e+00   9.8553400e-01   1.0000000e+00
   8.2200000e+00   9.8565800e-01   1.0000000e+00
   8.2300000e+00   9.8578100e-01   1.0000000e+00
   8.2400000e+00   9.8590300e-01   1.0000000e+00
   8.2500000e+00   9.8602400e-01   1.0000000e+00
   8.2600000e+00   9.8614400e-01   1.0000000e+00
   8.2700000e+00   9.8626300e-01   1.0000000e+00
   8.2800000e+00   9.8638100e-01   1.0000000e+00
   8.2900000e+00   9.8649800e-01   1.0000000e+00
   8.3000000e+00   9.8661400e-01   1.0000000e+00
   8.3100000e+00   9.8672900e-01   1.0000000e+00
   8.3200000e+00   9.8684300e-01   1.0000000e+00
   8.3300000e+00   9.8695600e-01   1.0000000e+00
   8.3400000e+00   9.8706900e-01   1.0000000e+00
   8.3500000e+00   9.8718000e-01   1.0000000e+00
   8.3600000e+00   9.8729000e-01   1.0000000e+00
   8.3700000e+00   9.8740000e-01   1.0000000e+00
   8.3800000e+00   9.8750800e-01   1.0000000e+00
   8.3900000e+00   9.8761600e-01   1.0000000e+00
   8.4000000e+00   9.8772200e-01   1.0000000e+00
   8.4100000e+00   9.8782800e-01   1.0000000e+00
   8.4200000e+00   9.8793300e-01   1.0000000e+00
   8.4300000e+00   9.8803700e-01   1.0000000e+00
   8.4400000e+00   9.8814000e-01   1.0000000e+00
   8.4500000e+00   9.8824200e-01   1.0000000e+00
   8.4600000e+00   9.8834300e-01   1.0000000e+00
   8.4700000e+00   9.8844400e-01   1.0000000e+00
   8.4800000e+00   9.8854400e-01   1.0000000e+00
   8.4900000e+00   9.8864200e-01   1.0000000e+00
   8.5000000e+00   9.8874000e-01   1.0000000e+00
   8.5100000e+00   9.8883800e-01   1.0000000e+00
   8.5200000e+00   9.8893400e-01   1.0000000e+00
   8.5300000e+00   9.8903000e-01   1.0000000e+00
   8.5400000e+00   9.8912400e-01   1.0000000e+00
   8.5500000e+00   9.8921800e-01   1.0000000e+00
   8.5600000e+00   9.8931100e-01   1.0000000e+00
   8.5700000e+00   9.8940400e-01   1.0000000e+00
   8.5800000e+00   9.8949500e-01   1.0000000e+00
   8.5900000e+00   9.8958600e-01   1.0000000e+00
   8.6000000e+00   9.8967600e-01   1.0000000e+00
   8.6100000e+00   9.8976500e-01   1.0000000e+00
   8.6200000e+00   9.8985400e-01   1.0000000e+00
   8.6300000e+00   9.8994200e-01   1.0000000e+00
   8.6400000e+00   9.9002900e-01   1.0000000e+00
   8.6500000e+00   9.9011500e-01   1.0000000e+00
   8.6600000e+00   9.9020100e-01   1.0000000e+00
   8.6700000e+00   9.9028500e-01   1.0000000e+00
   8.6800000e+00   9.9037000e-01   1.0000000e+00
   8.6900000e+00   9.9045300e-01   1.0000000e+00
   8.7000000e+00   9.9053600e-01   1.0000000e+00
   8.7100000e+00   9.9061800e-01   1.0000000e+00
   8.7200000e+00   9.9069900e-01   1.0000000e+00
   8.7300000e+00   9.9078000e-01   1.0000000e+00
   8.7400000e+00   9.9086000e-01   1.0000000e+00
   8.7500000e+00   9.9093900e-01   1.0000000e+00
   8.7600000e+00   9.9101700e-01   1.0000000e+00
   8.7700000e+00   9.9109500e-01   1.0000000e+00
   8.7800000e+00   9.9117300e-01   1.0000000e+00
   8.7900000e+00   9.9124900e-01   1.0000000e+00
   8.8000000e+00   9.9132500e-01   1.0000000e+00
   8.8100000e+00   9.9140000e-01   1.0000000e+00
   8.8200000e+00   9.9147500e-01   1.0000000e+00
   8.8300000e+00   9.9154900e-01   1.0000000e+00
   8.8400000e+00   9.9162300e-01   1.0000000e+00
   8.8500000e+00   9.9169500e-01   1.0000000e+00
   8.8600000e+00   9.9176800e-01   1.0000000e+00
   8.8700000e+00   9.9183900e-01   1.0000000e+00
   8.8800000e+00   9.9191000e-01   1.0000000e+00
   8.8900000e+00   9.9198000e-01   1.0000000e+00
   8.9000000e+00   9.9205000e-01   1.0000000e+00
   8.9100000e+00   9.9211900e-01   1.0000000e+00
   8.9200000e+00   9.9218800e-01   1.0000000e+00
   8.9300000e+00   9.9225600e-01   1.0000000e+00
   8.9400000e+00   9.9232300e-01   1.0000000e+00
   8.9500000e+00   9.9239000e-01   1.0000000e+00
   8.9600000e+00   9.9245600e-01   1.0000000e+00
   8.9700000e+00   9.9252200e-01   1.0000000e+00
   8.9800000e+00   9.9258700e-01   1.0000000e+00
   8.9900000e+00   9.9265200e-01   1.0000000e+00
   9.0000000e+00   9.9271600e-01   1.0000000e+00
   9.0100000e+00   9.9277900e-01   1.0000000e+00
   9.0200000e+00   9.9284200e-01   1.0000000e+00
   9.0300000e+00   9.9290400e-01   1.0000000e+00
   9.0400000e+00   9.9296600e-01   1.0000000e+00
   9.0500000e+00   9.9302800e-01   1.0000000e+00
   9.0600000e+00   9.9308800e-01   1.0000000e+00
   9.0700000e+00   9.9314900e-01   1.0000000e+00
   9.0800000e+00   9.9320800e-01   1.0000000e+00
   9.0900000e+00   9.9326800e-01   1.0000000e+00
   9.1000000e+00   9.9332600e-01   1.0000000e+00
   9.1100000e+00   9.9338500e-01   1.0000000e+00
   9.1200000e+00   9.9344200e-01   1.0000000e+00
   9.1300000e+00   9.9350000e-01   1.0000000e+00
   9.1400000e+00   9.9355600e-01   1.0000000e+00
   9.1500000e+00   9.9361300e-01   1.0000000e+00
   9.1600000e+00   9.9366900e-01   1.0000000e+00
   9.1700000e+00   9.9372400e-01   1.0000000e+00
   9.1800000e+00   9.9377900e-01   1.0000000e+00
   9.1900000e+00   9.9383300e-01   1.0000000e+00
   9.2000000e+00   9.9388700e-01   1.0000000e+00
   9.2100000e+00   9.9394000e-01   1.0000000e+00
   9.2200000e+00   9.9399300e-01   1.0000000e+00
   9.2300000e+00   9.9404600e-01   1.0000000e+00
   9.2400000e+00   9.9409800e-01   1.0000000e+00
   9.2500000e+00   9.9415000e-01   1.0000000e+00
   9.2600000e+00   9.9420100e-01   1.0000000e+00
   9.2700000e+00   9.9425200e-01   1.0000000e+00
   9.2800000e+00   9.9430200e-01   1.0000000e+00
   9.2900000e+00   9.9435200e-01   1.0000000e+00
   9.3000000e+00   9.9440100e-01   1.0000000e+00
   9.3100000e+00   9.9445000e-01   1.0000000e+00
   9.3200000e+00   9.9449900e-01   1.0000000e+00
   9.3300000e+00   9.9454700e-01   1.0000000e+00
   9.3400000e+00   9.9459500e-01   1.0000000e+00
   9.3500000e+00   9.9464200e-01   1.0000000e+00
   9.3600000e+00   9.9468900e-01   1.0000000e+00
   9.3700000e+00   9.9473600e-01   1.0000000e+00
   9.3800000e+00   9.9478200e-01   1.0000000e+00
   9.3900000e+00   9.9482800e-01   1.0000000e+00
   9.4000000e+00   9.9487300e-01   1.0000000e+00
   9.4100000e+00   9.9491800e-01   1.0000000e+00
   9.4200000e+00   9.9496300e-01   1.0000000e+00
   9.4300000e+00   9.9500700e-01   1.0000000e+00
   9.4400000e+00   9.9505100e-01   1.0000000e+00
   9.4500000e+00   9.9509400e-01   1.0000000e+00
   9.4600000e+00   9.9513700e-01   1.0000000e+00
   9.4700000e+00   9.9518000e-01   1.0000000e+00
   9.4800000e+00   9.9522200e-01   1.0000000e+00
   9.4900000e+00   9.9526400e-01   1.0000000e+00
   9.5000000e+00   9.9530600e-01   1.0000000e+00
   9.5100000e+00   9.9534700e-01   1.0000000e+00
   9.5200000e+00   9.9538800e-01   1.0000000e+00
   9.5300000e+00   9.9542800e-01   1.0000000e+00
   9.5400000e+00   9.9546900e-01   1.0000000e+00
   9.5500000e+00   9.9550800e-01   1.0000000e+00
   9.5600000e+00   9.9554800e-01   1.0000000e+00
   9.5700000e+00   9.9558700e-01   1.0000000e+00
   9.5800000e+00   9.9562600e-01   1.0000000e+00
   9.5900000e+00   9.9566400e-01   1.0000000e+00
   9.6000000e+00   9.9570200e-01   1.0000000e+00
   9.6100000e+00   9.9574000e-01   1.0000000e+00
   9.6200000e+00   9.9577800e-01   1.0000000e+00
   9.6300000e+00   9.9581500e-01   1.0000000e+00
   9.6400000e+00   9.9585200e-01   1.0000000e+00
   9.6500000e+00   9.9588800e-01   1.0000000e+00
   9.6600000e+00   9.9592400e-01   1.0000000e+00
   9.6700000e+00   9.9596000e-01   1.0000000e+00
   9.6800000e+00   9.9599600e-01   1.0000000e+00
   9.6900000e+00   9.9603100e-01   1.0000000e+00
   9.7000000e+00   9.9606600e-01   1.0000000e+00
   9.7100000e+00   9.9610100e-01   1.0000000e+00
   9.7200000e+00   9.9613500e-01   1.0000000e+00
   9.7300000e+00   9.9616900e-01   1.0000000e+00
   9.7400000e+00   9.9620300e-01   1.0000000e+00
   9.7500000e+00   9.9623700e-01   1.0000000e+00
   9.7600000e+00   9.9627000e-01   1.0000000e+00
   9.7700000e+00   9.9630300e-01   1.0000000e+00
   9.7800000e+00   9.9633500e-01   1.0000000e+00
   9.7900000e+00   9.9636800e-01   1.0000000e+00
   9.8000000e+00   9.9640000e-01   1.0000000e+00
   9.8100000e+00   9.9643100e-01   1.0000000e+00
   9.8200000e+00   9.9646300e-01   1.0000000e+00
   9.8300000e+00   9.9649400e-01   1.0000000e+00
   9.8400000e+00   9.9652500e-01   1.0000000e+00
   9.8500000e+00   9.9655600e-01   1.0000000e+00
   9.8600000e+00   9.9658600e-01   1.0000000e+00
   9.8700000e+00   9.9661600e-01   1.0000000e+00
   9.8800000e+00   9.9664600e-01   1.0000000e+00
   9.8900000e+00   9.9667600e-01   1.0000000e+00
   9.9000000e+00   9.9670500e-01   1.0000000e+00
   9.9100000e+00   9.9673400e-01   1.0000000e+00
   9.9200000e+00   9.9676300e-01   1.0000000e+00
   9.9300000e+00   9.9679200e-01   1.0000000e+00
   9.9400000e+00   9.9682000e-01   1.0000000e+00
   9.9500000e+00   9.9684800e-01   1.0000000e+00
   9.9600000e+00   9.9687600e-01   1.0000000e+00
   9.9700000e+00   9.9690400e-01   1.0000000e+00
   9.9800000e+00   9.9693100e-01   1.0000000e+00
   9.9900000e+00   9.9695800e-01   1.0000000e+00
   1.0000000e+01   9.9698500e-01   1.0000000e+00
