  0.0000000e+000  3.6360110e+002
  1.0000000e-001  3.6360108e+002
  2.0000000e-001  3.6360109e+002
  3.0000000e-001  3.6360111e+002
  4.0000000e-001  3.6360114e+002
  5.0000000e-001  3.6360119e+002
  6.0000000e-001  3.6360125e+002
  7.0000000e-001  3.6360131e+002
  8.0000000e-001  3.6360138e+002
  9.0000000e-001  3.6360146e+002
  1.0000000e+000  3.6360154e+002
  1.1000000e+000  3.6360163e+002
  1.2000000e+000  3.6360172e+002
  1.3000000e+000  3.6360181e+002
  1.4000000e+000  3.6360190e+002
  1.5000000e+000  3.6360200e+002
  1.6000000e+000  3.6360209e+002
  1.7000000e+000  3.6360219e+002
  1.8000000e+000  3.6360229e+002
  1.9000000e+000  3.6360239e+002
  2.0000000e+000  3.6360249e+002
  2.1000000e+000  3.6360259e+002
  2.2000000e+000  3.6360270e+002
  2.3000000e+000  3.6360280e+002
  2.4000000e+000  3.6360290e+002
  2.5000000e+000  3.6360300e+002
  2.6000000e+000  3.6360311e+002
  2.7000000e+000  3.6360321e+002
  2.8000000e+000  3.6360331e+002
  2.9000000e+000  3.6360341e+002
  3.0000000e+000  3.6360351e+002
  3.1000000e+000  3.6360361e+002
  3.2000000e+000  3.6360371e+002
  3.3000000e+000  3.6360381e+002
  3.4000000e+000  3.6360391e+002
  3.5000000e+000  3.6360401e+002
  3.6000000e+000  3.6360411e+002
  3.7000000e+000  3.6360420e+002
  3.8000000e+000  3.6360430e+002
  3.9000000e+000  3.6360439e+002
  4.0000000e+000  3.6360448e+002
  4.1000000e+000  3.6360457e+002
  4.2000000e+000  3.6360466e+002
  4.3000000e+000  3.6360475e+002
  4.4000000e+000  3.6360484e+002
  4.5000000e+000  3.6360492e+002
  4.6000000e+000  3.6360501e+002
  4.7000000e+000  3.6360509e+002
  4.8000000e+000  3.6360517e+002
  4.9000000e+000  3.6360525e+002
  5.0000000e+000  3.6360533e+002
  5.1000000e+000  3.6360541e+002
  5.2000000e+000  3.6360549e+002
  5.3000000e+000  3.6360556e+002
  5.4000000e+000  3.6360563e+002
  5.5000000e+000  3.6360570e+002
  5.6000000e+000  3.6360577e+002
  5.7000000e+000  3.6360584e+002
  5.8000000e+000  3.6360591e+002
  5.9000000e+000  3.6360597e+002
  6.0000000e+000  3.6360604e+002
  6.1000000e+000  3.6360610e+002
  6.2000000e+000  3.6360616e+002
  6.3000000e+000  3.6360622e+002
  6.4000000e+000  3.6360627e+002
  6.5000000e+000  3.6360633e+002
  6.6000000e+000  3.6360638e+002
  6.7000000e+000  3.6360644e+002
  6.8000000e+000  3.6360649e+002
  6.9000000e+000  3.6360654e+002
  7.0000000e+000  3.6360658e+002
  7.1000000e+000  3.6360663e+002
  7.2000000e+000  3.6360667e+002
  7.3000000e+000  3.6360672e+002
  7.4000000e+000  3.6360676e+002
  7.5000000e+000  3.6360680e+002
  7.6000000e+000  3.6360684e+002
  7.7000000e+000  3.6360688e+002
  7.8000000e+000  3.6360691e+002
  7.9000000e+000  3.6360695e+002
  8.0000000e+000  3.6360698e+002
  8.1000000e+000  3.6360701e+002
  8.2000000e+000  3.6360705e+002
  8.3000000e+000  3.6360708e+002
  8.4000000e+000  3.6360710e+002
  8.5000000e+000  3.6360713e+002
  8.6000000e+000  3.6360716e+002
  8.7000000e+000  3.6360718e+002
  8.8000000e+000  3.6360720e+002
  8.9000000e+000  3.6360723e+002
  9.0000000e+000  3.6360725e+002
  9.1000000e+000  3.6360727e+002
  9.2000000e+000  3.6360729e+002
  9.3000000e+000  3.6360731e+002
  9.4000000e+000  3.6360732e+002
  9.5000000e+000  3.6360734e+002
  9.6000000e+000  3.6360735e+002
  9.7000000e+000  3.6360737e+002
  9.8000000e+000  3.6360738e+002
  9.9000000e+000  3.6360739e+002
  1.0000000e+001  3.6360740e+002
  1.0100000e+001  3.6360570e+002
  1.0200000e+001  3.6360127e+002
  1.0300000e+001  3.6359415e+002
  1.0400000e+001  3.6358433e+002
  1.0500000e+001  3.6357183e+002
  1.0600000e+001  3.6355669e+002
  1.0700000e+001  3.6353892e+002
  1.0800000e+001  3.6351856e+002
  1.0900000e+001  3.6349563e+002
  1.1000000e+001  3.6347017e+002
  1.1100000e+001  3.6344221e+002
  1.1200000e+001  3.6341180e+002
  1.1300000e+001  3.6337898e+002
  1.1400000e+001  3.6334379e+002
  1.1500000e+001  3.6330627e+002
  1.1600000e+001  3.6326648e+002
  1.1700000e+001  3.6322445e+002
  1.1800000e+001  3.6318025e+002
  1.1900000e+001  3.6313391e+002
  1.2000000e+001  3.6308549e+002
  1.2100000e+001  3.6303505e+002
  1.2200000e+001  3.6298262e+002
  1.2300000e+001  3.6292828e+002
  1.2400000e+001  3.6287207e+002
  1.2500000e+001  3.6281403e+002
  1.2600000e+001  3.6275424e+002
  1.2700000e+001  3.6269273e+002
  1.2800000e+001  3.6262956e+002
  1.2900000e+001  3.6256479e+002
  1.3000000e+001  3.6249847e+002
  1.3100000e+001  3.6243064e+002
  1.3200000e+001  3.6236137e+002
  1.3300000e+001  3.6229069e+002
  1.3400000e+001  3.6221867e+002
  1.3500000e+001  3.6214534e+002
  1.3600000e+001  3.6207076e+002
  1.3700000e+001  3.6199498e+002
  1.3800000e+001  3.6191804e+002
  1.3900000e+001  3.6183998e+002
  1.4000000e+001  3.6176086e+002
  1.4100000e+001  3.6168072e+002
  1.4200000e+001  3.6159960e+002
  1.4300000e+001  3.6151754e+002
  1.4400000e+001  3.6143458e+002
  1.4500000e+001  3.6135077e+002
  1.4600000e+001  3.6126614e+002
  1.4700000e+001  3.6118074e+002
  1.4800000e+001  3.6109459e+002
  1.4900000e+001  3.6100781e+002
  1.5000000e+001  3.6092062e+002
  1.5100000e+001  3.6083320e+002
  1.5200000e+001  3.6074573e+002
  1.5300000e+001  3.6065834e+002
  1.5400000e+001  3.6057115e+002
  1.5500000e+001  3.6048428e+002
  1.5600000e+001  3.6039779e+002
  1.5700000e+001  3.6031177e+002
  1.5800000e+001  3.6022629e+002
  1.5900000e+001  3.6014140e+002
  1.6000000e+001  3.6005714e+002
  1.6100000e+001  3.5997356e+002
  1.6200000e+001  3.5989071e+002
  1.6300000e+001  3.5980860e+002
  1.6400000e+001  3.5972727e+002
  1.6500000e+001  3.5964674e+002
  1.6600000e+001  3.5956703e+002
  1.6700000e+001  3.5948817e+002
  1.6800000e+001  3.5941016e+002
  1.6900000e+001  3.5933303e+002
  1.7000000e+001  3.5925678e+002
  1.7100000e+001  3.5918143e+002
  1.7200000e+001  3.5910698e+002
  1.7300000e+001  3.5903345e+002
  1.7400000e+001  3.5896083e+002
  1.7500000e+001  3.5888914e+002
  1.7600000e+001  3.5881838e+002
  1.7700000e+001  3.5874856e+002
  1.7800000e+001  3.5867967e+002
  1.7900000e+001  3.5861172e+002
  1.8000000e+001  3.5854471e+002
  1.8100000e+001  3.5847865e+002
  1.8200000e+001  3.5841353e+002
  1.8300000e+001  3.5834935e+002
  1.8400000e+001  3.5828611e+002
  1.8500000e+001  3.5822382e+002
  1.8600000e+001  3.5816247e+002
  1.8700000e+001  3.5810205e+002
  1.8800000e+001  3.5804258e+002
  1.8900000e+001  3.5798404e+002
  1.9000000e+001  3.5792643e+002
  1.9100000e+001  3.5786975e+002
  1.9200000e+001  3.5781400e+002
  1.9300000e+001  3.5775918e+002
  1.9400000e+001  3.5770527e+002
  1.9500000e+001  3.5765228e+002
  1.9600000e+001  3.5760021e+002
  1.9700000e+001  3.5754904e+002
  1.9800000e+001  3.5749878e+002
  1.9900000e+001  3.5744941e+002
  2.0000000e+001  3.5740095e+002
  2.0100000e+001  3.5735337e+002
  2.0200000e+001  3.5730668e+002
  2.0300000e+001  3.5726088e+002
  2.0400000e+001  3.5721595e+002
  2.0500000e+001  3.5717189e+002
  2.0600000e+001  3.5712870e+002
  2.0700000e+001  3.5708637e+002
  2.0800000e+001  3.5704489e+002
  2.0900000e+001  3.5700427e+002
  2.1000000e+001  3.5696449e+002
  2.1100000e+001  3.5692555e+002
  2.1200000e+001  3.5688745e+002
  2.1300000e+001  3.5685017e+002
  2.1400000e+001  3.5681372e+002
  2.1500000e+001  3.5677809e+002
  2.1600000e+001  3.5674326e+002
  2.1700000e+001  3.5670924e+002
  2.1800000e+001  3.5667603e+002
  2.1900000e+001  3.5664360e+002
  2.2000000e+001  3.5661196e+002
  2.2100000e+001  3.5658111e+002
  2.2200000e+001  3.5655103e+002
  2.2300000e+001  3.5652173e+002
  2.2400000e+001  3.5649318e+002
  2.2500000e+001  3.5646540e+002
  2.2600000e+001  3.5643837e+002
  2.2700000e+001  3.5641208e+002
  2.2800000e+001  3.5638654e+002
  2.2900000e+001  3.5636172e+002
  2.3000000e+001  3.5633764e+002
  2.3100000e+001  3.5631428e+002
  2.3200000e+001  3.5629164e+002
  2.3300000e+001  3.5626970e+002
  2.3400000e+001  3.5624847e+002
  2.3500000e+001  3.5622794e+002
  2.3600000e+001  3.5620810e+002
  2.3700000e+001  3.5618894e+002
  2.3800000e+001  3.5617047e+002
  2.3900000e+001  3.5615266e+002
  2.4000000e+001  3.5613553e+002
  2.4100000e+001  3.5611905e+002
  2.4200000e+001  3.5610324e+002
  2.4300000e+001  3.5608807e+002
  2.4400000e+001  3.5607354e+002
  2.4500000e+001  3.5605965e+002
  2.4600000e+001  3.5604639e+002
  2.4700000e+001  3.5603375e+002
  2.4800000e+001  3.5602173e+002
  2.4900000e+001  3.5601033e+002
  2.5000000e+001  3.5599953e+002
  2.5100000e+001  3.5598933e+002
  2.5200000e+001  3.5597972e+002
  2.5300000e+001  3.5597070e+002
  2.5400000e+001  3.5596226e+002
  2.5500000e+001  3.5595440e+002
  2.5600000e+001  3.5594710e+002
  2.5700000e+001  3.5594037e+002
  2.5800000e+001  3.5593420e+002
  2.5900000e+001  3.5592857e+002
  2.6000000e+001  3.5592349e+002
  2.6100000e+001  3.5591895e+002
  2.6200000e+001  3.5591494e+002
  2.6300000e+001  3.5591145e+002
  2.6400000e+001  3.5590848e+002
  2.6500000e+001  3.5590603e+002
  2.6600000e+001  3.5590408e+002
  2.6700000e+001  3.5590263e+002
  2.6800000e+001  3.5590168e+002
  2.6900000e+001  3.5590122e+002
  2.7000000e+001  3.5590123e+002
  2.7100000e+001  3.5590173e+002
  2.7200000e+001  3.5590269e+002
  2.7300000e+001  3.5590411e+002
  2.7400000e+001  3.5590599e+002
  2.7500000e+001  3.5590832e+002
  2.7600000e+001  3.5591109e+002
  2.7700000e+001  3.5591430e+002
  2.7800000e+001  3.5591795e+002
  2.7900000e+001  3.5592201e+002
  2.8000000e+001  3.5592650e+002
  2.8100000e+001  3.5593139e+002
  2.8200000e+001  3.5593669e+002
  2.8300000e+001  3.5594239e+002
  2.8400000e+001  3.5594848e+002
  2.8500000e+001  3.5595496e+002
  2.8600000e+001  3.5596182e+002
  2.8700000e+001  3.5596905e+002
  2.8800000e+001  3.5597665e+002
  2.8900000e+001  3.5598460e+002
  2.9000000e+001  3.5599291e+002
  2.9100000e+001  3.5600157e+002
  2.9200000e+001  3.5601057e+002
  2.9300000e+001  3.5601990e+002
  2.9400000e+001  3.5602955e+002
  2.9500000e+001  3.5603953e+002
  2.9600000e+001  3.5604982e+002
  2.9700000e+001  3.5606042e+002
  2.9800000e+001  3.5607132e+002
  2.9900000e+001  3.5608251e+002
  3.0000000e+001  3.5609399e+002
  3.0100000e+001  3.5610575e+002
  3.0200000e+001  3.5611778e+002
  3.0300000e+001  3.5613008e+002
  3.0400000e+001  3.5614264e+002
  3.0500000e+001  3.5615545e+002
  3.0600000e+001  3.5616851e+002
  3.0700000e+001  3.5618180e+002
  3.0800000e+001  3.5619534e+002
  3.0900000e+001  3.5620909e+002
  3.1000000e+001  3.5622307e+002
  3.1100000e+001  3.5623726e+002
  3.1200000e+001  3.5625165e+002
  3.1300000e+001  3.5626625e+002
  3.1400000e+001  3.5628103e+002
  3.1500000e+001  3.5629600e+002
  3.1600000e+001  3.5631115e+002
  3.1700000e+001  3.5632647e+002
  3.1800000e+001  3.5634196e+002
  3.1900000e+001  3.5635760e+002
  3.2000000e+001  3.5637340e+002
  3.2100000e+001  3.5638933e+002
  3.2200000e+001  3.5640541e+002
  3.2300000e+001  3.5642162e+002
  3.2400000e+001  3.5643795e+002
  3.2500000e+001  3.5645439e+002
  3.2600000e+001  3.5647095e+002
  3.2700000e+001  3.5648761e+002
  3.2800000e+001  3.5650436e+002
  3.2900000e+001  3.5652121e+002
  3.3000000e+001  3.5653814e+002
  3.3100000e+001  3.5655514e+002
  3.3200000e+001  3.5657222e+002
  3.3300000e+001  3.5658936e+002
  3.3400000e+001  3.5660655e+002
  3.3500000e+001  3.5662379e+002
  3.3600000e+001  3.5664108e+002
  3.3700000e+001  3.5665840e+002
  3.3800000e+001  3.5667575e+002
  3.3900000e+001  3.5669313e+002
  3.4000000e+001  3.5671052e+002
  3.4100000e+001  3.5672792e+002
  3.4200000e+001  3.5674533e+002
  3.4300000e+001  3.5676274e+002
  3.4400000e+001  3.5678013e+002
  3.4500000e+001  3.5679751e+002
  3.4600000e+001  3.5681487e+002
  3.4700000e+001  3.5683220e+002
  3.4800000e+001  3.5684950e+002
  3.4900000e+001  3.5686676e+002
  3.5000000e+001  3.5688398e+002
  3.5100000e+001  3.5690114e+002
  3.5200000e+001  3.5691824e+002
  3.5300000e+001  3.5693529e+002
  3.5400000e+001  3.5695226e+002
  3.5500000e+001  3.5696916e+002
  3.5600000e+001  3.5698597e+002
  3.5700000e+001  3.5700271e+002
  3.5800000e+001  3.5701935e+002
  3.5900000e+001  3.5703589e+002
  3.6000000e+001  3.5705234e+002
  3.6100000e+001  3.5706867e+002
  3.6200000e+001  3.5708489e+002
  3.6300000e+001  3.5710100e+002
  3.6400000e+001  3.5711698e+002
  3.6500000e+001  3.5713284e+002
  3.6600000e+001  3.5714857e+002
  3.6700000e+001  3.5716415e+002
  3.6800000e+001  3.5717960e+002
  3.6900000e+001  3.5719490e+002
  3.7000000e+001  3.5721005e+002
  3.7100000e+001  3.5722505e+002
  3.7200000e+001  3.5723989e+002
  3.7300000e+001  3.5725456e+002
  3.7400000e+001  3.5726907e+002
  3.7500000e+001  3.5728341e+002
  3.7600000e+001  3.5729757e+002
  3.7700000e+001  3.5731155e+002
  3.7800000e+001  3.5732536e+002
  3.7900000e+001  3.5733898e+002
  3.8000000e+001  3.5735241e+002
  3.8100000e+001  3.5736564e+002
  3.8200000e+001  3.5737869e+002
  3.8300000e+001  3.5739153e+002
  3.8400000e+001  3.5740418e+002
  3.8500000e+001  3.5741662e+002
  3.8600000e+001  3.5742886e+002
  3.8700000e+001  3.5744089e+002
  3.8800000e+001  3.5745270e+002
  3.8900000e+001  3.5746431e+002
  3.9000000e+001  3.5747570e+002
  3.9100000e+001  3.5748687e+002
  3.9200000e+001  3.5749782e+002
  3.9300000e+001  3.5750855e+002
  3.9400000e+001  3.5751906e+002
  3.9500000e+001  3.5752935e+002
  3.9600000e+001  3.5753941e+002
  3.9700000e+001  3.5754924e+002
  3.9800000e+001  3.5755884e+002
  3.9900000e+001  3.5756822e+002
  4.0000000e+001  3.5757737e+002
  4.0100000e+001  3.5758628e+002
  4.0200000e+001  3.5759496e+002
  4.0300000e+001  3.5760341e+002
  4.0400000e+001  3.5761163e+002
  4.0500000e+001  3.5761962e+002
  4.0600000e+001  3.5762737e+002
  4.0700000e+001  3.5763489e+002
  4.0800000e+001  3.5764218e+002
  4.0900000e+001  3.5764923e+002
  4.1000000e+001  3.5765605e+002
  4.1100000e+001  3.5766263e+002
  4.1200000e+001  3.5766899e+002
  4.1300000e+001  3.5767511e+002
  4.1400000e+001  3.5768100e+002
  4.1500000e+001  3.5768666e+002
  4.1600000e+001  3.5769210e+002
  4.1700000e+001  3.5769730e+002
  4.1800000e+001  3.5770227e+002
  4.1900000e+001  3.5770702e+002
  4.2000000e+001  3.5771154e+002
  4.2100000e+001  3.5771584e+002
  4.2200000e+001  3.5771992e+002
  4.2300000e+001  3.5772378e+002
  4.2400000e+001  3.5772741e+002
  4.2500000e+001  3.5773083e+002
  4.2600000e+001  3.5773403e+002
  4.2700000e+001  3.5773702e+002
  4.2800000e+001  3.5773979e+002
  4.2900000e+001  3.5774236e+002
  4.3000000e+001  3.5774471e+002
  4.3100000e+001  3.5774686e+002
  4.3200000e+001  3.5774881e+002
  4.3300000e+001  3.5775055e+002
  4.3400000e+001  3.5775209e+002
  4.3500000e+001  3.5775344e+002
  4.3600000e+001  3.5775459e+002
  4.3700000e+001  3.5775554e+002
  4.3800000e+001  3.5775631e+002
  4.3900000e+001  3.5775689e+002
  4.4000000e+001  3.5775729e+002
  4.4100000e+001  3.5775750e+002
  4.4200000e+001  3.5775753e+002
  4.4300000e+001  3.5775739e+002
  4.4400000e+001  3.5775707e+002
  4.4500000e+001  3.5775658e+002
  4.4600000e+001  3.5775593e+002
  4.4700000e+001  3.5775511e+002
  4.4800000e+001  3.5775412e+002
  4.4900000e+001  3.5775298e+002
  4.5000000e+001  3.5775168e+002
  4.5100000e+001  3.5775022e+002
  4.5200000e+001  3.5774862e+002
  4.5300000e+001  3.5774687e+002
  4.5400000e+001  3.5774497e+002
  4.5500000e+001  3.5774293e+002
  4.5600000e+001  3.5774076e+002
  4.5700000e+001  3.5773845e+002
  4.5800000e+001  3.5773601e+002
  4.5900000e+001  3.5773344e+002
  4.6000000e+001  3.5773074e+002
  4.6100000e+001  3.5772792e+002
  4.6200000e+001  3.5772498e+002
  4.6300000e+001  3.5772193e+002
  4.6400000e+001  3.5771876e+002
  4.6500000e+001  3.5771548e+002
  4.6600000e+001  3.5771210e+002
  4.6700000e+001  3.5770861e+002
  4.6800000e+001  3.5770502e+002
  4.6900000e+001  3.5770134e+002
  4.7000000e+001  3.5769756e+002
  4.7100000e+001  3.5769369e+002
  4.7200000e+001  3.5768973e+002
  4.7300000e+001  3.5768568e+002
  4.7400000e+001  3.5768156e+002
  4.7500000e+001  3.5767736e+002
  4.7600000e+001  3.5767308e+002
  4.7700000e+001  3.5766872e+002
  4.7800000e+001  3.5766430e+002
  4.7900000e+001  3.5765981e+002
  4.8000000e+001  3.5765526e+002
  4.8100000e+001  3.5765065e+002
  4.8200000e+001  3.5764598e+002
  4.8300000e+001  3.5764125e+002
  4.8400000e+001  3.5763647e+002
  4.8500000e+001  3.5763164e+002
  4.8600000e+001  3.5762677e+002
  4.8700000e+001  3.5762185e+002
  4.8800000e+001  3.5761689e+002
  4.8900000e+001  3.5761189e+002
  4.9000000e+001  3.5760686e+002
  4.9100000e+001  3.5760179e+002
  4.9200000e+001  3.5759670e+002
  4.9300000e+001  3.5759157e+002
  4.9400000e+001  3.5758642e+002
  4.9500000e+001  3.5758125e+002
  4.9600000e+001  3.5757606e+002
  4.9700000e+001  3.5757085e+002
  4.9800000e+001  3.5756562e+002
  4.9900000e+001  3.5756038e+002
  5.0000000e+001  3.5755513e+002
  5.0100000e+001  3.5754988e+002
  5.0200000e+001  3.5754461e+002
  5.0300000e+001  3.5753935e+002
  5.0400000e+001  3.5753408e+002
  5.0500000e+001  3.5752881e+002
  5.0600000e+001  3.5752354e+002
  5.0700000e+001  3.5751828e+002
  5.0800000e+001  3.5751303e+002
  5.0900000e+001  3.5750779e+002
  5.1000000e+001  3.5750255e+002
  5.1100000e+001  3.5749733e+002
  5.1200000e+001  3.5749212e+002
  5.1300000e+001  3.5748693e+002
  5.1400000e+001  3.5748176e+002
  5.1500000e+001  3.5747661e+002
  5.1600000e+001  3.5747148e+002
  5.1700000e+001  3.5746638e+002
  5.1800000e+001  3.5746130e+002
  5.1900000e+001  3.5745624e+002
  5.2000000e+001  3.5745122e+002
  5.2100000e+001  3.5744622e+002
  5.2200000e+001  3.5744126e+002
  5.2300000e+001  3.5743633e+002
  5.2400000e+001  3.5743143e+002
  5.2500000e+001  3.5742657e+002
  5.2600000e+001  3.5742175e+002
  5.2700000e+001  3.5741697e+002
  5.2800000e+001  3.5741222e+002
  5.2900000e+001  3.5740752e+002
  5.3000000e+001  3.5740286e+002
  5.3100000e+001  3.5739824e+002
  5.3200000e+001  3.5739367e+002
  5.3300000e+001  3.5738914e+002
  5.3400000e+001  3.5738466e+002
  5.3500000e+001  3.5738023e+002
  5.3600000e+001  3.5737585e+002
  5.3700000e+001  3.5737151e+002
  5.3800000e+001  3.5736723e+002
  5.3900000e+001  3.5736300e+002
  5.4000000e+001  3.5735882e+002
  5.4100000e+001  3.5735470e+002
  5.4200000e+001  3.5735062e+002
  5.4300000e+001  3.5734661e+002
  5.4400000e+001  3.5734265e+002
  5.4500000e+001  3.5733874e+002
  5.4600000e+001  3.5733489e+002
  5.4700000e+001  3.5733110e+002
  5.4800000e+001  3.5732737e+002
  5.4900000e+001  3.5732369e+002
  5.5000000e+001  3.5732008e+002
  5.5100000e+001  3.5731652e+002
  5.5200000e+001  3.5731303e+002
  5.5300000e+001  3.5730959e+002
  5.5400000e+001  3.5730622e+002
  5.5500000e+001  3.5730291e+002
  5.5600000e+001  3.5729966e+002
  5.5700000e+001  3.5729647e+002
  5.5800000e+001  3.5729334e+002
  5.5900000e+001  3.5729028e+002
  5.6000000e+001  3.5728728e+002
  5.6100000e+001  3.5728434e+002
  5.6200000e+001  3.5728146e+002
  5.6300000e+001  3.5727865e+002
  5.6400000e+001  3.5727590e+002
  5.6500000e+001  3.5727322e+002
  5.6600000e+001  3.5727059e+002
  5.6700000e+001  3.5726804e+002
  5.6800000e+001  3.5726554e+002
  5.6900000e+001  3.5726311e+002
  5.7000000e+001  3.5726074e+002
  5.7100000e+001  3.5725844e+002
  5.7200000e+001  3.5725620e+002
  5.7300000e+001  3.5725402e+002
  5.7400000e+001  3.5725191e+002
  5.7500000e+001  3.5724986e+002
  5.7600000e+001  3.5724787e+002
  5.7700000e+001  3.5724594e+002
  5.7800000e+001  3.5724408e+002
  5.7900000e+001  3.5724228e+002
  5.8000000e+001  3.5724054e+002
  5.8100000e+001  3.5723887e+002
  5.8200000e+001  3.5723725e+002
  5.8300000e+001  3.5723570e+002
  5.8400000e+001  3.5723421e+002
  5.8500000e+001  3.5723278e+002
  5.8600000e+001  3.5723140e+002
  5.8700000e+001  3.5723009e+002
  5.8800000e+001  3.5722884e+002
  5.8900000e+001  3.5722765e+002
  5.9000000e+001  3.5722651e+002
  5.9100000e+001  3.5722543e+002
  5.9200000e+001  3.5722442e+002
  5.9300000e+001  3.5722345e+002
  5.9400000e+001  3.5722255e+002
  5.9500000e+001  3.5722170e+002
  5.9600000e+001  3.5722091e+002
  5.9700000e+001  3.5722017e+002
  5.9800000e+001  3.5721949e+002
  5.9900000e+001  3.5721886e+002
  6.0000000e+001  3.5721829e+002
  6.0100000e+001  3.5721777e+002
  6.0200000e+001  3.5721730e+002
  6.0300000e+001  3.5721688e+002
  6.0400000e+001  3.5721651e+002
  6.0500000e+001  3.5721620e+002
  6.0600000e+001  3.5721593e+002
  6.0700000e+001  3.5721572e+002
  6.0800000e+001  3.5721555e+002
  6.0900000e+001  3.5721543e+002
  6.1000000e+001  3.5721536e+002
  6.1100000e+001  3.5721534e+002
  6.1200000e+001  3.5721536e+002
  6.1300000e+001  3.5721542e+002
  6.1400000e+001  3.5721554e+002
  6.1500000e+001  3.5721569e+002
  6.1600000e+001  3.5721589e+002
  6.1700000e+001  3.5721613e+002
  6.1800000e+001  3.5721642e+002
  6.1900000e+001  3.5721674e+002
  6.2000000e+001  3.5721711e+002
  6.2100000e+001  3.5721751e+002
  6.2200000e+001  3.5721796e+002
  6.2300000e+001  3.5721844e+002
  6.2400000e+001  3.5721896e+002
  6.2500000e+001  3.5721952e+002
  6.2600000e+001  3.5722011e+002
  6.2700000e+001  3.5722074e+002
  6.2800000e+001  3.5722140e+002
  6.2900000e+001  3.5722210e+002
  6.3000000e+001  3.5722283e+002
  6.3100000e+001  3.5722359e+002
  6.3200000e+001  3.5722438e+002
  6.3300000e+001  3.5722521e+002
  6.3400000e+001  3.5722606e+002
  6.3500000e+001  3.5722694e+002
  6.3600000e+001  3.5722785e+002
  6.3700000e+001  3.5722879e+002
  6.3800000e+001  3.5722976e+002
  6.3900000e+001  3.5723075e+002
  6.4000000e+001  3.5723177e+002
  6.4100000e+001  3.5723281e+002
  6.4200000e+001  3.5723388e+002
  6.4300000e+001  3.5723497e+002
  6.4400000e+001  3.5723608e+002
  6.4500000e+001  3.5723721e+002
  6.4600000e+001  3.5723837e+002
  6.4700000e+001  3.5723954e+002
  6.4800000e+001  3.5724074e+002
  6.4900000e+001  3.5724195e+002
  6.5000000e+001  3.5724318e+002
  6.5100000e+001  3.5724443e+002
  6.5200000e+001  3.5724569e+002
  6.5300000e+001  3.5724697e+002
  6.5400000e+001  3.5724826e+002
  6.5500000e+001  3.5724957e+002
  6.5600000e+001  3.5725089e+002
  6.5700000e+001  3.5725223e+002
  6.5800000e+001  3.5725358e+002
  6.5900000e+001  3.5725493e+002
  6.6000000e+001  3.5725630e+002
  6.6100000e+001  3.5725768e+002
  6.6200000e+001  3.5725907e+002
  6.6300000e+001  3.5726047e+002
  6.6400000e+001  3.5726187e+002
  6.6500000e+001  3.5726329e+002
  6.6600000e+001  3.5726471e+002
  6.6700000e+001  3.5726613e+002
  6.6800000e+001  3.5726756e+002
  6.6900000e+001  3.5726900e+002
  6.7000000e+001  3.5727044e+002
  6.7100000e+001  3.5727188e+002
  6.7200000e+001  3.5727333e+002
  6.7300000e+001  3.5727478e+002
  6.7400000e+001  3.5727623e+002
  6.7500000e+001  3.5727768e+002
  6.7600000e+001  3.5727913e+002
  6.7700000e+001  3.5728058e+002
  6.7800000e+001  3.5728203e+002
  6.7900000e+001  3.5728348e+002
  6.8000000e+001  3.5728493e+002
  6.8100000e+001  3.5728637e+002
  6.8200000e+001  3.5728782e+002
  6.8300000e+001  3.5728926e+002
  6.8400000e+001  3.5729069e+002
  6.8500000e+001  3.5729212e+002
  6.8600000e+001  3.5729355e+002
  6.8700000e+001  3.5729497e+002
  6.8800000e+001  3.5729639e+002
  6.8900000e+001  3.5729780e+002
  6.9000000e+001  3.5729920e+002
  6.9100000e+001  3.5730059e+002
  6.9200000e+001  3.5730198e+002
  6.9300000e+001  3.5730336e+002
  6.9400000e+001  3.5730473e+002
  6.9500000e+001  3.5730609e+002
  6.9600000e+001  3.5730744e+002
  6.9700000e+001  3.5730879e+002
  6.9800000e+001  3.5731012e+002
  6.9900000e+001  3.5731144e+002
  7.0000000e+001  3.5731275e+002
  7.0100000e+001  3.5731405e+002
  7.0200000e+001  3.5731534e+002
  7.0300000e+001  3.5731662e+002
  7.0400000e+001  3.5731788e+002
  7.0500000e+001  3.5731913e+002
  7.0600000e+001  3.5732037e+002
  7.0700000e+001  3.5732160e+002
  7.0800000e+001  3.5732281e+002
  7.0900000e+001  3.5732401e+002
  7.1000000e+001  3.5732519e+002
  7.1100000e+001  3.5732636e+002
  7.1200000e+001  3.5732752e+002
  7.1300000e+001  3.5732866e+002
  7.1400000e+001  3.5732978e+002
  7.1500000e+001  3.5733089e+002
  7.1600000e+001  3.5733199e+002
  7.1700000e+001  3.5733307e+002
  7.1800000e+001  3.5733413e+002
  7.1900000e+001  3.5733518e+002
  7.2000000e+001  3.5733621e+002
  7.2100000e+001  3.5733722e+002
  7.2200000e+001  3.5733822e+002
  7.2300000e+001  3.5733920e+002
  7.2400000e+001  3.5734017e+002
  7.2500000e+001  3.5734112e+002
  7.2600000e+001  3.5734205e+002
  7.2700000e+001  3.5734296e+002
  7.2800000e+001  3.5734385e+002
  7.2900000e+001  3.5734473e+002
  7.3000000e+001  3.5734559e+002
  7.3100000e+001  3.5734644e+002
  7.3200000e+001  3.5734726e+002
  7.3300000e+001  3.5734807e+002
  7.3400000e+001  3.5734886e+002
  7.3500000e+001  3.5734963e+002
  7.3600000e+001  3.5735038e+002
  7.3700000e+001  3.5735112e+002
  7.3800000e+001  3.5735184e+002
  7.3900000e+001  3.5735254e+002
  7.4000000e+001  3.5735322e+002
  7.4100000e+001  3.5735388e+002
  7.4200000e+001  3.5735453e+002
  7.4300000e+001  3.5735516e+002
  7.4400000e+001  3.5735577e+002
  7.4500000e+001  3.5735636e+002
  7.4600000e+001  3.5735693e+002
  7.4700000e+001  3.5735749e+002
  7.4800000e+001  3.5735802e+002
  7.4900000e+001  3.5735854e+002
  7.5000000e+001  3.5735905e+002
  7.5100000e+001  3.5735953e+002
  7.5200000e+001  3.5736000e+002
  7.5300000e+001  3.5736045e+002
  7.5400000e+001  3.5736088e+002
  7.5500000e+001  3.5736129e+002
  7.5600000e+001  3.5736169e+002
  7.5700000e+001  3.5736207e+002
  7.5800000e+001  3.5736243e+002
  7.5900000e+001  3.5736278e+002
  7.6000000e+001  3.5736311e+002
  7.6100000e+001  3.5736342e+002
  7.6200000e+001  3.5736372e+002
  7.6300000e+001  3.5736400e+002
  7.6400000e+001  3.5736426e+002
  7.6500000e+001  3.5736450e+002
  7.6600000e+001  3.5736473e+002
  7.6700000e+001  3.5736495e+002
  7.6800000e+001  3.5736515e+002
  7.6900000e+001  3.5736533e+002
  7.7000000e+001  3.5736550e+002
  7.7100000e+001  3.5736565e+002
  7.7200000e+001  3.5736579e+002
  7.7300000e+001  3.5736591e+002
  7.7400000e+001  3.5736602e+002
  7.7500000e+001  3.5736611e+002
  7.7600000e+001  3.5736619e+002
  7.7700000e+001  3.5736625e+002
  7.7800000e+001  3.5736630e+002
  7.7900000e+001  3.5736633e+002
  7.8000000e+001  3.5736636e+002
  7.8100000e+001  3.5736636e+002
  7.8200000e+001  3.5736636e+002
  7.8300000e+001  3.5736634e+002
  7.8400000e+001  3.5736631e+002
  7.8500000e+001  3.5736627e+002
  7.8600000e+001  3.5736621e+002
  7.8700000e+001  3.5736614e+002
  7.8800000e+001  3.5736606e+002
  7.8900000e+001  3.5736597e+002
  7.9000000e+001  3.5736587e+002
  7.9100000e+001  3.5736575e+002
  7.9200000e+001  3.5736562e+002
  7.9300000e+001  3.5736549e+002
  7.9400000e+001  3.5736534e+002
  7.9500000e+001  3.5736518e+002
  7.9600000e+001  3.5736501e+002
  7.9700000e+001  3.5736483e+002
  7.9800000e+001  3.5736464e+002
  7.9900000e+001  3.5736444e+002
  8.0000000e+001  3.5736423e+002
  8.0100000e+001  3.5736401e+002
  8.0200000e+001  3.5736379e+002
  8.0300000e+001  3.5736355e+002
  8.0400000e+001  3.5736331e+002
  8.0500000e+001  3.5736305e+002
  8.0600000e+001  3.5736279e+002
  8.0700000e+001  3.5736253e+002
  8.0800000e+001  3.5736225e+002
  8.0900000e+001  3.5736197e+002
  8.1000000e+001  3.5736167e+002
  8.1100000e+001  3.5736138e+002
  8.1200000e+001  3.5736107e+002
  8.1300000e+001  3.5736076e+002
  8.1400000e+001  3.5736044e+002
  8.1500000e+001  3.5736012e+002
  8.1600000e+001  3.5735979e+002
  8.1700000e+001  3.5735945e+002
  8.1800000e+001  3.5735911e+002
  8.1900000e+001  3.5735877e+002
  8.2000000e+001  3.5735842e+002
  8.2100000e+001  3.5735806e+002
  8.2200000e+001  3.5735770e+002
  8.2300000e+001  3.5735733e+002
  8.2400000e+001  3.5735697e+002
  8.2500000e+001  3.5735659e+002
  8.2600000e+001  3.5735622e+002
  8.2700000e+001  3.5735583e+002
  8.2800000e+001  3.5735545e+002
  8.2900000e+001  3.5735506e+002
  8.3000000e+001  3.5735467e+002
  8.3100000e+001  3.5735428e+002
  8.3200000e+001  3.5735389e+002
  8.3300000e+001  3.5735349e+002
  8.3400000e+001  3.5735309e+002
  8.3500000e+001  3.5735269e+002
  8.3600000e+001  3.5735228e+002
  8.3700000e+001  3.5735188e+002
  8.3800000e+001  3.5735147e+002
  8.3900000e+001  3.5735106e+002
  8.4000000e+001  3.5735066e+002
  8.4100000e+001  3.5735025e+002
  8.4200000e+001  3.5734984e+002
  8.4300000e+001  3.5734943e+002
  8.4400000e+001  3.5734901e+002
  8.4500000e+001  3.5734860e+002
  8.4600000e+001  3.5734819e+002
  8.4700000e+001  3.5734778e+002
  8.4800000e+001  3.5734737e+002
  8.4900000e+001  3.5734696e+002
  8.5000000e+001  3.5734655e+002
  8.5100000e+001  3.5734614e+002
  8.5200000e+001  3.5734573e+002
  8.5300000e+001  3.5734532e+002
  8.5400000e+001  3.5734492e+002
  8.5500000e+001  3.5734451e+002
  8.5600000e+001  3.5734411e+002
  8.5700000e+001  3.5734371e+002
  8.5800000e+001  3.5734331e+002
  8.5900000e+001  3.5734291e+002
  8.6000000e+001  3.5734251e+002
  8.6100000e+001  3.5734212e+002
  8.6200000e+001  3.5734173e+002
  8.6300000e+001  3.5734134e+002
  8.6400000e+001  3.5734095e+002
  8.6500000e+001  3.5734057e+002
  8.6600000e+001  3.5734019e+002
  8.6700000e+001  3.5733981e+002
  8.6800000e+001  3.5733943e+002
  8.6900000e+001  3.5733906e+002
  8.7000000e+001  3.5733869e+002
  8.7100000e+001  3.5733832e+002
  8.7200000e+001  3.5733796e+002
  8.7300000e+001  3.5733760e+002
  8.7400000e+001  3.5733725e+002
  8.7500000e+001  3.5733689e+002
  8.7600000e+001  3.5733655e+002
  8.7700000e+001  3.5733620e+002
  8.7800000e+001  3.5733586e+002
  8.7900000e+001  3.5733552e+002
  8.8000000e+001  3.5733519e+002
  8.8100000e+001  3.5733486e+002
  8.8200000e+001  3.5733454e+002
  8.8300000e+001  3.5733422e+002
  8.8400000e+001  3.5733390e+002
  8.8500000e+001  3.5733359e+002
  8.8600000e+001  3.5733328e+002
  8.8700000e+001  3.5733298e+002
  8.8800000e+001  3.5733268e+002
  8.8900000e+001  3.5733239e+002
  8.9000000e+001  3.5733210e+002
  8.9100000e+001  3.5733181e+002
  8.9200000e+001  3.5733153e+002
  8.9300000e+001  3.5733126e+002
  8.9400000e+001  3.5733099e+002
  8.9500000e+001  3.5733072e+002
  8.9600000e+001  3.5733046e+002
  8.9700000e+001  3.5733021e+002
  8.9800000e+001  3.5732996e+002
  8.9900000e+001  3.5732971e+002
  9.0000000e+001  3.5732947e+002
  9.0100000e+001  3.5732923e+002
  9.0200000e+001  3.5732900e+002
  9.0300000e+001  3.5732878e+002
  9.0400000e+001  3.5732856e+002
  9.0500000e+001  3.5732834e+002
  9.0600000e+001  3.5732813e+002
  9.0700000e+001  3.5732792e+002
  9.0800000e+001  3.5732772e+002
  9.0900000e+001  3.5732753e+002
  9.1000000e+001  3.5732734e+002
  9.1100000e+001  3.5732715e+002
  9.1200000e+001  3.5732697e+002
  9.1300000e+001  3.5732680e+002
  9.1400000e+001  3.5732663e+002
  9.1500000e+001  3.5732646e+002
  9.1600000e+001  3.5732630e+002
  9.1700000e+001  3.5732614e+002
  9.1800000e+001  3.5732599e+002
  9.1900000e+001  3.5732585e+002
  9.2000000e+001  3.5732571e+002
  9.2100000e+001  3.5732557e+002
  9.2200000e+001  3.5732544e+002
  9.2300000e+001  3.5732532e+002
  9.2400000e+001  3.5732520e+002
  9.2500000e+001  3.5732508e+002
  9.2600000e+001  3.5732497e+002
  9.2700000e+001  3.5732487e+002
  9.2800000e+001  3.5732477e+002
  9.2900000e+001  3.5732467e+002
  9.3000000e+001  3.5732458e+002
  9.3100000e+001  3.5732449e+002
  9.3200000e+001  3.5732441e+002
  9.3300000e+001  3.5732433e+002
  9.3400000e+001  3.5732426e+002
  9.3500000e+001  3.5732419e+002
  9.3600000e+001  3.5732413e+002
  9.3700000e+001  3.5732407e+002
  9.3800000e+001  3.5732401e+002
  9.3900000e+001  3.5732396e+002
  9.4000000e+001  3.5732391e+002
  9.4100000e+001  3.5732387e+002
  9.4200000e+001  3.5732383e+002
  9.4300000e+001  3.5732380e+002
  9.4400000e+001  3.5732377e+002
  9.4500000e+001  3.5732375e+002
  9.4600000e+001  3.5732372e+002
  9.4700000e+001  3.5732371e+002
  9.4800000e+001  3.5732369e+002
  9.4900000e+001  3.5732368e+002
  9.5000000e+001  3.5732368e+002
  9.5100000e+001  3.5732368e+002
  9.5200000e+001  3.5732368e+002
  9.5300000e+001  3.5732368e+002
  9.5400000e+001  3.5732369e+002
  9.5500000e+001  3.5732371e+002
  9.5600000e+001  3.5732372e+002
  9.5700000e+001  3.5732374e+002
  9.5800000e+001  3.5732376e+002
  9.5900000e+001  3.5732379e+002
  9.6000000e+001  3.5732382e+002
  9.6100000e+001  3.5732385e+002
  9.6200000e+001  3.5732389e+002
  9.6300000e+001  3.5732393e+002
  9.6400000e+001  3.5732397e+002
  9.6500000e+001  3.5732401e+002
  9.6600000e+001  3.5732406e+002
  9.6700000e+001  3.5732411e+002
  9.6800000e+001  3.5732417e+002
  9.6900000e+001  3.5732422e+002
  9.7000000e+001  3.5732428e+002
  9.7100000e+001  3.5732434e+002
  9.7200000e+001  3.5732441e+002
  9.7300000e+001  3.5732447e+002
  9.7400000e+001  3.5732454e+002
  9.7500000e+001  3.5732461e+002
  9.7600000e+001  3.5732469e+002
  9.7700000e+001  3.5732476e+002
  9.7800000e+001  3.5732484e+002
  9.7900000e+001  3.5732492e+002
  9.8000000e+001  3.5732500e+002
  9.8100000e+001  3.5732508e+002
  9.8200000e+001  3.5732517e+002
  9.8300000e+001  3.5732526e+002
  9.8400000e+001  3.5732535e+002
  9.8500000e+001  3.5732544e+002
  9.8600000e+001  3.5732553e+002
  9.8700000e+001  3.5732562e+002
  9.8800000e+001  3.5732572e+002
  9.8900000e+001  3.5732582e+002
  9.9000000e+001  3.5732592e+002
  9.9100000e+001  3.5732602e+002
  9.9200000e+001  3.5732612e+002
  9.9300000e+001  3.5732622e+002
  9.9400000e+001  3.5732632e+002
  9.9500000e+001  3.5732643e+002
  9.9600000e+001  3.5732654e+002
  9.9700000e+001  3.5732664e+002
  9.9800000e+001  3.5732675e+002
  9.9900000e+001  3.5732686e+002
  1.0000000e+002  3.5732697e+002
  1.0010000e+002  3.5732708e+002
  1.0020000e+002  3.5732719e+002
  1.0030000e+002  3.5732730e+002
  1.0040000e+002  3.5732741e+002
  1.0050000e+002  3.5732753e+002
  1.0060000e+002  3.5732764e+002
  1.0070000e+002  3.5732775e+002
  1.0080000e+002  3.5732787e+002
  1.0090000e+002  3.5732798e+002
  1.0100000e+002  3.5732810e+002
  1.0110000e+002  3.5732821e+002
  1.0120000e+002  3.5732833e+002
  1.0130000e+002  3.5732844e+002
  1.0140000e+002  3.5732856e+002
  1.0150000e+002  3.5732868e+002
  1.0160000e+002  3.5732879e+002
  1.0170000e+002  3.5732891e+002
  1.0180000e+002  3.5732902e+002
  1.0190000e+002  3.5732914e+002
  1.0200000e+002  3.5732925e+002
  1.0210000e+002  3.5732937e+002
  1.0220000e+002  3.5732948e+002
  1.0230000e+002  3.5732960e+002
  1.0240000e+002  3.5732971e+002
  1.0250000e+002  3.5732983e+002
  1.0260000e+002  3.5732994e+002
  1.0270000e+002  3.5733005e+002
  1.0280000e+002  3.5733017e+002
  1.0290000e+002  3.5733028e+002
  1.0300000e+002  3.5733039e+002
  1.0310000e+002  3.5733050e+002
  1.0320000e+002  3.5733061e+002
  1.0330000e+002  3.5733072e+002
  1.0340000e+002  3.5733083e+002
  1.0350000e+002  3.5733094e+002
  1.0360000e+002  3.5733104e+002
  1.0370000e+002  3.5733115e+002
  1.0380000e+002  3.5733126e+002
  1.0390000e+002  3.5733136e+002
  1.0400000e+002  3.5733147e+002
  1.0410000e+002  3.5733157e+002
  1.0420000e+002  3.5733167e+002
  1.0430000e+002  3.5733177e+002
  1.0440000e+002  3.5733187e+002
  1.0450000e+002  3.5733197e+002
  1.0460000e+002  3.5733207e+002
  1.0470000e+002  3.5733217e+002
  1.0480000e+002  3.5733226e+002
  1.0490000e+002  3.5733236e+002
  1.0500000e+002  3.5733245e+002
  1.0510000e+002  3.5733254e+002
  1.0520000e+002  3.5733264e+002
  1.0530000e+002  3.5733273e+002
  1.0540000e+002  3.5733281e+002
  1.0550000e+002  3.5733290e+002
  1.0560000e+002  3.5733299e+002
  1.0570000e+002  3.5733307e+002
  1.0580000e+002  3.5733316e+002
  1.0590000e+002  3.5733324e+002
  1.0600000e+002  3.5733332e+002
  1.0610000e+002  3.5733340e+002
  1.0620000e+002  3.5733348e+002
  1.0630000e+002  3.5733356e+002
  1.0640000e+002  3.5733364e+002
  1.0650000e+002  3.5733371e+002
  1.0660000e+002  3.5733378e+002
  1.0670000e+002  3.5733386e+002
  1.0680000e+002  3.5733393e+002
  1.0690000e+002  3.5733400e+002
  1.0700000e+002  3.5733406e+002
  1.0710000e+002  3.5733413e+002
  1.0720000e+002  3.5733419e+002
  1.0730000e+002  3.5733426e+002
  1.0740000e+002  3.5733432e+002
  1.0750000e+002  3.5733438e+002
  1.0760000e+002  3.5733444e+002
  1.0770000e+002  3.5733450e+002
  1.0780000e+002  3.5733456e+002
  1.0790000e+002  3.5733461e+002
  1.0800000e+002  3.5733466e+002
  1.0810000e+002  3.5733472e+002
  1.0820000e+002  3.5733477e+002
  1.0830000e+002  3.5733482e+002
  1.0840000e+002  3.5733486e+002
  1.0850000e+002  3.5733491e+002
  1.0860000e+002  3.5733496e+002
  1.0870000e+002  3.5733500e+002
  1.0880000e+002  3.5733504e+002
  1.0890000e+002  3.5733508e+002
  1.0900000e+002  3.5733512e+002
  1.0910000e+002  3.5733516e+002
  1.0920000e+002  3.5733520e+002
  1.0930000e+002  3.5733523e+002
  1.0940000e+002  3.5733527e+002
  1.0950000e+002  3.5733530e+002
  1.0960000e+002  3.5733533e+002
  1.0970000e+002  3.5733536e+002
  1.0980000e+002  3.5733539e+002
  1.0990000e+002  3.5733542e+002
  1.1000000e+002  3.5733544e+002
  1.1010000e+002  3.5733547e+002
  1.1020000e+002  3.5733549e+002
  1.1030000e+002  3.5733551e+002
  1.1040000e+002  3.5733553e+002
  1.1050000e+002  3.5733555e+002
  1.1060000e+002  3.5733557e+002
  1.1070000e+002  3.5733558e+002
  1.1080000e+002  3.5733560e+002
  1.1090000e+002  3.5733561e+002
  1.1100000e+002  3.5733563e+002
  1.1110000e+002  3.5733564e+002
  1.1120000e+002  3.5733565e+002
  1.1130000e+002  3.5733566e+002
  1.1140000e+002  3.5733567e+002
  1.1150000e+002  3.5733567e+002
  1.1160000e+002  3.5733568e+002
  1.1170000e+002  3.5733569e+002
  1.1180000e+002  3.5733569e+002
  1.1190000e+002  3.5733569e+002
  1.1200000e+002  3.5733569e+002
  1.1210000e+002  3.5733569e+002
  1.1220000e+002  3.5733569e+002
  1.1230000e+002  3.5733569e+002
  1.1240000e+002  3.5733569e+002
  1.1250000e+002  3.5733569e+002
  1.1260000e+002  3.5733568e+002
  1.1270000e+002  3.5733568e+002
  1.1280000e+002  3.5733567e+002
  1.1290000e+002  3.5733566e+002
  1.1300000e+002  3.5733565e+002
  1.1310000e+002  3.5733564e+002
  1.1320000e+002  3.5733563e+002
  1.1330000e+002  3.5733562e+002
  1.1340000e+002  3.5733561e+002
  1.1350000e+002  3.5733560e+002
  1.1360000e+002  3.5733558e+002
  1.1370000e+002  3.5733557e+002
  1.1380000e+002  3.5733556e+002
  1.1390000e+002  3.5733554e+002
  1.1400000e+002  3.5733552e+002
  1.1410000e+002  3.5733551e+002
  1.1420000e+002  3.5733549e+002
  1.1430000e+002  3.5733547e+002
  1.1440000e+002  3.5733545e+002
  1.1450000e+002  3.5733543e+002
  1.1460000e+002  3.5733541e+002
  1.1470000e+002  3.5733539e+002
  1.1480000e+002  3.5733536e+002
  1.1490000e+002  3.5733534e+002
  1.1500000e+002  3.5733532e+002
  1.1510000e+002  3.5733530e+002
  1.1520000e+002  3.5733527e+002
  1.1530000e+002  3.5733525e+002
  1.1540000e+002  3.5733522e+002
  1.1550000e+002  3.5733520e+002
  1.1560000e+002  3.5733517e+002
  1.1570000e+002  3.5733514e+002
  1.1580000e+002  3.5733512e+002
  1.1590000e+002  3.5733509e+002
  1.1600000e+002  3.5733506e+002
  1.1610000e+002  3.5733503e+002
  1.1620000e+002  3.5733500e+002
  1.1630000e+002  3.5733497e+002
  1.1640000e+002  3.5733495e+002
  1.1650000e+002  3.5733492e+002
  1.1660000e+002  3.5733489e+002
  1.1670000e+002  3.5733486e+002
  1.1680000e+002  3.5733483e+002
  1.1690000e+002  3.5733479e+002
  1.1700000e+002  3.5733476e+002
  1.1710000e+002  3.5733473e+002
  1.1720000e+002  3.5733470e+002
  1.1730000e+002  3.5733467e+002
  1.1740000e+002  3.5733464e+002
  1.1750000e+002  3.5733461e+002
  1.1760000e+002  3.5733457e+002
  1.1770000e+002  3.5733454e+002
  1.1780000e+002  3.5733451e+002
  1.1790000e+002  3.5733448e+002
  1.1800000e+002  3.5733445e+002
  1.1810000e+002  3.5733441e+002
  1.1820000e+002  3.5733438e+002
  1.1830000e+002  3.5733435e+002
  1.1840000e+002  3.5733431e+002
  1.1850000e+002  3.5733428e+002
  1.1860000e+002  3.5733425e+002
  1.1870000e+002  3.5733422e+002
  1.1880000e+002  3.5733418e+002
  1.1890000e+002  3.5733415e+002
  1.1900000e+002  3.5733412e+002
  1.1910000e+002  3.5733409e+002
  1.1920000e+002  3.5733405e+002
  1.1930000e+002  3.5733402e+002
  1.1940000e+002  3.5733399e+002
  1.1950000e+002  3.5733396e+002
  1.1960000e+002  3.5733393e+002
  1.1970000e+002  3.5733389e+002
  1.1980000e+002  3.5733386e+002
  1.1990000e+002  3.5733383e+002
  1.2000000e+002  3.5733380e+002
